speciesID,parentID,t1,p1,seedPerTick,t2,p2,adultPerTick,CNDD,HNDD,Adult,Juvenile,Age
1,-1,9,0.4973170893427802,0.9253213826906753,56,0.45349080370008354,0.9859781581783427,0,0,0,0,
2,-1,9,0.4404978155460497,0.9129315065534356,56,0.5618566137251785,0.9897580136565867,0,0,0,0,
3,-1,9,0.822978939,0.978585433,56,0.5783806160711668,0.9902704428112408,0,0,0,0,
4,-1,9,0.8614240950466338,0.9835623379085294,56,0.7265659302580014,0.9943122005303752,0,0,0,0,
5,-1,9,0.5761491302818869,0.940573563,56,0.47918674329366334,0.9869490389439302,0,0,0,0,
6,-1,9,0.6544467957192561,0.9539851050922435,56,0.8302822748312501,0.996684267,0,0,0,0,
7,-1,9,0.8040403817172082,0.9760573089402071,56,0.4995126573788604,0.9876814603164737,0,0,0,0,
8,-1,9,0.7180002070464431,0.9638597415396416,56,0.47833118253069573,0.9869175445083865,0,0,0,0,
9,-1,9,0.5513105716959783,0.9359793296989868,56,0.46755269224352175,0.9865159633051551,0,0,0,0,
10,-1,9,0.4500797363752234,0.9151169651532264,56,0.6335908420474872,0.9918839733009143,0,0,0,0,
11,-1,9,0.34715631105213374,0.8890930787152516,56,0.5031521656896225,0.987809509,0,0,0,0,
12,-1,9,0.4383883132269938,0.9124446981169101,56,0.7486209586749502,0.9948432972712087,0,0,0,0,
13,-1,9,0.5106958772524735,0.9280547430625996,56,0.8475848061961737,0.9970514202961511,0,0,0,0,
14,-1,9,0.7368640188778497,0.9666411099482403,56,0.7288943423450892,0.9943690121281644,0,0,0,0,
15,-1,9,0.6390834192977006,0.9514704028602936,56,0.6033039509485879,0.9910167684964404,0,0,0,0,
16,-1,9,0.4594355396078609,0.9172113041712546,56,0.5900543187145674,0.9906238633755934,0,0,0,0,
17,-1,9,0.6819495225343201,0.9583585582777011,56,0.45923488699259657,0.9861997961967113,0,0,0,0,
18,-1,9,0.644979863,0.9524418321188968,56,0.7195552608657392,0.9941400591267612,0,0,0,0,
19,-1,9,0.5424914284978372,0.9343037626363898,56,0.8145174351787533,0.9963431411327578,0,0,0,0,
20,-1,9,0.5761991550510476,0.9405826369446829,56,0.524237779,0.9885339223029227,0,0,0,0,
21,-1,9,0.38541998765532914,0.8994824467368464,56,0.5828183581671386,0.9904056136329541,0,0,0,0,
22,-1,9,0.4035815890143189,0.904096096,56,0.6860062488927221,0.9932927989643953,0,0,0,0,
23,-1,9,0.4521789205366361,0.915590222,56,0.5825210372854149,0.9903965890721311,0,0,0,0,
24,-1,9,0.6013808167476095,0.9450636591080377,56,0.7337582271557787,0.9944871146153057,0,0,0,0,
25,-1,9,0.7218786626227489,0.9644368603461153,56,0.5117157552569302,0.9881072492598332,0,0,0,0,
26,-1,9,0.8323999621999636,0.9798238484181503,56,0.6203577303246592,0.9915101904469483,0,0,0,0,
27,-1,9,0.8106929234143658,0.9769513364561468,56,0.8760070818532886,0.9976388436436915,0,0,0,0,
28,-1,9,0.6839480010444571,0.9586702087515679,56,0.4902630860747291,0.9873518628704088,0,0,0,0,
29,-1,9,0.5997192353093859,0.9447731735674914,56,0.7594089736482712,0.9950975063842353,0,0,0,0,
30,-1,9,0.5506732743767736,0.9358590498845519,56,0.7262220481676531,0.9943037949011356,0,0,0,0,
31,-1,9,0.6828176063252099,0.9584940302199711,56,0.6724335370629695,0.9929384081493837,0,0,0,0,
32,-1,9,0.46318908,0.9180409097593443,56,0.45587221883337015,0.986070379,0,0,0,0,
33,-1,9,0.5193550591229215,0.9297901255179832,56,0.5258649970770003,0.9885886314369331,0,0,0,0,
34,-1,9,0.5391589143931195,0.9336643026134079,56,0.5543834676582851,0.9895213827751064,0,0,0,0,
35,-1,9,0.6278899233248504,0.9496041689612981,56,0.6119371432391054,0.9912682432210647,0,0,0,0,
36,-1,9,0.6314600560315183,0.950202589,56,0.6507473913426159,0.9923573237728822,0,0,0,0,
37,-1,9,0.4444842853578903,0.9138458303004685,56,0.6320084569541276,0.9918396829288039,0,0,0,0,
38,-1,9,0.703466054,0.9616720991525226,56,0.579880237,0.9903162339106154,0,0,0,0,
39,-1,9,0.6336135076994422,0.9505620943641068,56,0.5418626492367373,0.9891178097692775,0,0,0,0,
40,-1,9,0.7047698353950215,0.9618699731912906,56,0.6141770645371971,0.9913329201882626,0,0,0,0,
41,-1,9,0.6042148881460879,0.9455574827588542,56,0.36726886089729205,0.9822722138752619,0,0,0,0,
42,-1,9,0.8868710619534077,0.9867490580392869,56,0.4697371162973044,0.9865980793459515,0,0,0,0,
43,-1,9,0.5685874278770716,0.9391938721054607,56,0.6678949338605548,0.9928183336871039,0,0,0,0,
44,-1,9,0.6024378532742984,0.9452480841765877,56,0.44804324174802923,0.9857653992797132,0,0,0,0,
45,-1,9,0.7038738288088892,0.9617340219195416,56,0.6842743925297273,0.9932479644951837,0,0,0,0,
46,-1,9,0.6651081546422762,0.9556995106179421,56,0.7136950652545612,0.9939948980043763,0,0,0,0,
47,-1,9,0.36233702805624624,0.8933312452936208,56,0.3632125168861408,0.9820774264765212,0,0,0,0,
48,-1,9,0.5554686812008401,0.9367610871062517,56,0.7343582506698823,0.9945016307864506,0,0,0,0,
49,-1,9,0.5384163674343043,0.9335213403679476,56,0.467786906,0.9865247857901567,0,0,0,0,
50,-1,9,0.7177640361283028,0.9638245095898518,56,0.6168627747184952,0.991410164,0,0,0,0,
51,-1,9,0.6557023234138332,0.9541882851244348,56,0.5358913014607453,0.9889221037387453,0,0,0,0,
52,-1,9,0.46625488189766234,0.9187140896813334,56,0.786170699,0.9957131197331076,0,0,0,0,
53,-1,9,0.6276355796373976,0.9495614209659047,56,0.3867194305982211,0.9831778172651877,0,0,0,0,
54,-1,9,0.8018519867868182,0.9757617755322101,56,0.6949653702241053,0.9935229729976885,0,0,0,0,
55,-1,9,0.5381227463871375,0.9334647612782623,56,0.5410177984783979,0.9890902494963574,0,0,0,0,
56,-1,9,0.36249833934178666,0.8933754263537852,56,0.7467926660809041,0.9947998590784093,0,0,0,0,
57,-1,9,0.7889800540544782,0.9740088244332508,56,0.5964753504543939,0.990815343,0,0,0,0,
58,-1,9,0.6805434203615338,0.9581387983592506,56,0.5639989959099897,0.9898252804196153,0,0,0,0,
59,-1,9,0.3625065941300145,0.8933776867627048,56,0.36869159128492596,0.982340034,0,0,0,0,
60,-1,9,0.6844722630317942,0.95875183,56,0.787476573,0.99574263,0,0,0,0,
61,-1,9,0.493457095,0.9245206155274059,56,0.6606961045155582,0.9926262260872429,0,0,0,0,
62,-1,9,0.6334335767490745,0.9505320976110114,56,0.6217137721302974,0.9915488515527066,0,0,0,0,
63,-1,9,0.7241430020597497,0.9647725237062381,56,0.7396530116647712,0.994629223,0,0,0,0,
64,-1,9,0.505422922,0.9269851361470675,56,0.7567302434583824,0.9950347172857964,0,0,0,0,
65,-1,9,0.6022827400187931,0.9452210390100466,56,0.7454627661935271,0.9947681964715921,0,0,0,0,
66,-1,9,0.8742100806437265,0.9851738322621462,56,0.42808756616054566,0.9849637000218565,0,0,0,0,
67,-1,9,0.6354870113931689,0.9508739819319459,56,0.5284197441249426,0.9886741907340931,0,0,0,0,
68,-1,9,0.35477690600782924,0.8912407552550817,56,0.8251702078340745,0.9965743523689876,0,0,0,0,
69,-1,9,0.49627482328438305,0.9251057075087846,56,0.8026537803077098,0.9960821268312647,0,0,0,0,
70,-1,9,0.4125016670758738,0.9062948729216435,56,0.5648199114480512,0.9898509891380349,0,0,0,0,
71,-1,9,0.5985379153046148,0.9445662141767386,56,0.5239168026851272,0.9885231109771091,0,0,0,0,
72,-1,9,0.6863667304683327,0.9590463139249924,56,0.5239309663861017,0.9885235881848249,0,0,0,0,
73,-1,9,0.7315315450056481,0.9658613424984799,56,0.3745870014486594,0.9826183489712969,0,0,0,0,
74,-1,9,0.6540363459720072,0.9539186075156025,56,0.7089819753559189,0.9938773,0,0,0,0,
75,-1,9,0.41811915142701167,0.9076579772090704,56,0.6013342754330536,0.9909588991304519,0,0,0,0,
76,-1,9,0.8595444638084028,0.9833236466222615,56,0.6320899688005364,0.991841967,0,0,0,0,
77,-1,9,0.46122229590876757,0.9176069605322901,56,0.4011617671302954,0.9838217516201321,0,0,0,0,
78,-1,9,0.6509949292001951,0.9534247039576849,56,0.7254974747999262,0.9942860710995008,0,0,0,0,
79,-1,9,0.6077180259161913,0.9461650505732261,56,0.5050582278294484,0.9878762077462095,0,0,0,0,
80,-1,9,0.6488491734047032,0.9530750136046495,56,0.8758512733172755,0.9976356747557018,0,0,0,0,
81,-1,9,0.45886705899813757,0.9170851339366048,56,0.6459560281381612,0.9922263748875709,0,0,0,0,
82,-1,9,0.7826578423372698,0.9731385120514464,56,0.7799196034976339,0.9955711855896359,0,0,0,0,
83,-1,9,0.40949109103214626,0.9055575396404262,56,0.49061198924626875,0.987364406,0,0,0,0,
84,-1,9,0.8099570733425642,0.9768527678440405,56,0.5687656697525697,0.9899740490796637,0,0,0,0,
85,-1,9,0.6403761055654471,0.9516840505769288,56,0.5680239075479779,0.9899509791963527,0,0,0,0,
86,-1,9,0.611568763,0.9468293230420627,56,0.6223805264210006,0.991567831,0,0,0,0,
87,-1,9,0.23461600623393522,0.85121592,56,0.4055581506895124,0.9840132555756272,0,0,0,0,
88,-1,9,0.47206045984554673,0.9199781524822148,56,0.4355983621936882,0.9852696642903608,0,0,0,0,
89,-1,9,0.5009032695655042,0.9260604108938989,56,0.5913098408073807,0.9906614644044155,0,0,0,0,
90,-1,9,0.4217424382183357,0.9085285710643272,56,0.5044266744262089,0.9878541353262272,0,0,0,0,
91,-1,9,0.4337824821210493,0.9113745355947446,56,0.3775544282612959,0.9827568140300417,0,0,0,0,
92,-1,9,0.6149846604450965,0.947415479,56,0.4741164325334813,0.9867615813306808,0,0,0,0,
93,-1,9,0.6857949402109563,0.9589575087138407,56,0.48531125578715534,0.9871728914575522,0,0,0,0,
94,-1,9,0.6711103056063623,0.9566539711914861,56,0.8777747768028991,0.9976747569203062,0,0,0,0,
95,-1,9,0.615234438,0.9474582260799461,56,0.4331698111496044,0.985171304,0,0,0,0,
96,-1,9,0.6650135438273305,0.9556844044320957,56,0.6468997039654136,0.9922522410046355,0,0,0,0,
97,-1,9,0.5441244494419106,0.9346158413456074,56,0.7782910446329475,0.9955340249113046,0,0,0,0,
98,-1,9,0.6289685063837183,0.9497852774676233,56,0.5740511472685496,0.9901375846956413,0,0,0,0,
99,-1,9,0.6779294100150413,0.9577291794998769,56,0.6617092702417142,0.992653387,0,0,0,0,
100,-1,9,0.5509387231143172,0.9359091641736347,56,0.4924142508428767,0.9874290587865241,0,0,0,0,
101,-1,9,0.7554613549590321,0.9693219071992355,56,0.6452965140661641,0.9922082755912904,0,0,0,0,
102,-1,9,0.6125714446308524,0.9470016807259513,56,0.8006902823885539,0.9960385624496848,0,0,0,0,
103,-1,9,0.682653501,0.9584684318718502,56,0.602875831,0.9910042060582586,0,0,0,0,
104,-1,9,0.6884103118339495,0.959363168,56,0.3102696292583472,0.9793184025239045,0,0,0,0,
105,-1,9,0.5034299580335706,0.9265782835647067,56,0.6143459528166655,0.9913377873836371,0,0,0,0,
106,-1,9,0.6831495191730125,0.9585457876196088,56,0.5165475081823201,0.988273088,0,0,0,0,
107,-1,9,0.7811728359384317,0.9729331808012489,56,0.8175273413603681,0.996408769,0,0,0,0,
108,-1,9,0.5709962597415879,0.9396351433742731,56,0.6321518627555757,0.9918437012893132,0,0,0,0,
109,-1,9,0.47561116837945117,0.9207444633614013,56,0.7731594370827756,0.9954164297300742,0,0,0,0,
110,-1,9,0.794925351,0.9748216134823643,56,0.6973015371642358,0.9935825137991425,0,0,0,0,
111,-1,9,0.8115438831795734,0.9770652251325946,56,0.8664268781649369,0.9974429612187553,0,0,0,0,
112,-1,9,0.7165061444480763,0.9636366836723956,56,0.7398625754414002,0.9946342541234889,0,0,0,0,
113,-1,9,0.4513077095073852,0.9153940466093069,56,0.44952535225365475,0.9858235348151897,0,0,0,0,
114,-1,9,0.6410805650880078,0.9518003182461787,56,0.7234458357833136,0.9942357914561213,0,0,0,0,
115,-1,9,0.5838573008145421,0.9419635103187773,56,0.5104550432655534,0.9880637252276069,0,0,0,0,
116,-1,9,0.5478338379610884,0.935321643,56,0.5142322722664816,0.9881938138858998,0,0,0,0,
117,-1,9,0.4980827853317539,0.9254795716176949,56,0.7389702802318024,0.9946128207651753,0,0,0,0,
118,-1,9,0.538359771,0.9335104366262946,56,0.649543148,0.992324501,0,0,0,0,
119,-1,9,0.4739115147069841,0.9203782823793442,56,0.46899503011536064,0.9865702252640235,0,0,0,0,
120,-1,9,0.6217156909433567,0.9485620789544467,56,0.7861767392079914,0.9957132563428045,0,0,0,0,
121,-1,9,0.6265981729723248,0.9493869025409626,56,0.6092867584544218,0.9911914132540534,0,0,0,0,
122,-1,9,0.6286801400347233,0.9497368839586053,56,0.7381512380665058,0.9945931245943815,0,0,0,0,
123,-1,9,0.649346793,0.9531562012837722,56,0.6795485034430865,0.9931250508594432,0,0,0,0,
124,-1,9,0.5587937675708043,0.9373824954206652,56,0.5591948182782754,0.9896740864945589,0,0,0,0,
125,-1,9,0.3491431484044379,0.8896570277424352,56,0.6584459500533518,0.9925657566854775,0,0,0,0,
126,-1,9,0.5539159095828058,0.936469764,56,0.441481334,0.9855057193586952,0,0,0,0,
127,-1,9,0.47357285970520213,0.9203051815915196,56,0.4405546601226662,0.9854687421787278,0,0,0,0,
128,-1,9,0.5606971516555705,0.9377367313832102,56,0.8130174597637653,0.9963103468821016,0,0,0,0,
129,-1,9,0.3740257956829857,0.8964882820148175,56,0.7407132478523536,0.9946546640564695,0,0,0,0,
130,-1,9,0.5872639678943293,0.9425726136750859,56,0.7976229470170026,0.9959702966565842,0,0,0,0,
131,-1,9,0.6711950927922828,0.9566673995923716,56,0.5587101786464113,0.9896587634571673,0,0,0,0,
132,-1,9,0.5530463027909995,0.9363062959679966,56,0.7214105407662013,0.9941857737909288,0,0,0,0,
133,-1,9,0.6497274395072905,0.9532182672945129,56,0.7006869896665412,0.9936684504958422,0,0,0,0,
134,-1,9,0.7127983516503985,0.9630813329925593,56,0.6240033687716856,0.991613941,0,0,0,0,
135,-1,9,0.5880754883607856,0.9427172481596704,56,0.8983036374442115,0.9980867051597727,0,0,0,0,
136,-1,9,0.6806650723828335,0.9581578273127935,56,0.5709152325069408,0.990040737,0,0,0,0,
137,-1,9,0.681767964,0.9583302051856027,56,0.857721163,0.9972631054120072,0,0,0,0,
138,-1,9,0.6167285177442946,0.9477136034878065,56,0.5482606824141502,0.9893251632584255,0,0,0,0,
139,-1,9,0.49848182203756175,0.9255619249269892,56,0.6772368928908834,0.9930646230820556,0,0,0,0,
140,-1,9,0.8777567535712862,0.9856171283489543,56,0.6800477206263663,0.993138074,0,0,0,0,
141,-1,9,0.8466860574601064,0.9816782218995278,56,0.6415498710310339,0.9921051090022397,0,0,0,0,
142,-1,9,0.5563206056349396,0.9369206132912294,56,0.8905532756033928,0.997932277,0,0,0,0,
143,-1,9,0.5630496965553908,0.9381730859320663,56,0.6823544506783339,0.9931981304047346,0,0,0,0,
144,-1,9,0.7147532578640262,0.9633744566794123,56,0.6605625830041272,0.9926226435532838,0,0,0,0,
145,-1,9,0.8076563145727047,0.9765440621700268,56,0.4798225478084577,0.9869724080820332,0,0,0,0,
146,-1,9,0.6798370818491035,0.9580282522696304,56,0.7186504693870858,0.9941177227766598,0,0,0,0,
147,-1,9,0.2954975054937239,0.8733184726488603,56,0.6159912038340614,0.991385133,0,0,0,0,
148,-1,9,0.5020039880125663,0.9262863000651905,56,0.7229929522740018,0.9942246737447357,0,0,0,0,
149,-1,9,0.5528185200264176,0.93626344,56,0.7222734803846761,0.9942069975574306,0,0,0,0,
150,-1,9,0.6264303899551397,0.9493586530066845,56,0.7570901004711931,0.995043165,0,0,0,0,
151,-1,9,0.7095720644466378,0.9625960086651815,56,0.38956027279209493,0.9833063261747532,0,0,0,0,
152,-1,9,0.4776352227406054,0.9211790203341115,56,0.8869914099263007,0.997860863,0,0,0,0,
153,-1,9,0.7039364275926658,0.9617435250432436,56,0.6678546280452508,0.9928172637599906,0,0,0,0,
154,-1,9,0.6741459413009728,0.9571338113918735,56,0.4653690907382752,0.9864335007327518,0,0,0,0,
155,-1,9,0.5395036880312759,0.9337306222456314,56,0.46678284100278905,0.9864869335252882,0,0,0,0,
156,-1,9,0.6045887988939371,0.9456224811392524,56,0.51703557,0.9882897548261474,0,0,0,0,
157,-1,9,0.36977797746914187,0.8953512601510617,56,0.3816031614140153,0.9829440204451719,0,0,0,0,
158,-1,9,0.4984359653846801,0.925552464,56,0.5553934270321991,0.989553545,0,0,0,0,
159,-1,9,0.5336162909022221,0.9325929326597426,56,0.7740799631587396,0.9954375806868535,0,0,0,0,
160,-1,9,0.6065044679566508,0.9459549300109775,56,0.6387572658991708,0.9920278269238708,0,0,0,0,
161,-1,9,0.3664959682213482,0.8944647798377987,56,0.5659056163058114,0.989884934,0,0,0,0,
162,-1,9,0.5917216935128128,0.9433649173089389,56,0.6134730760341068,0.9913126177571144,0,0,0,0,
163,-1,9,0.740354271,0.9671487778431597,56,0.6556157415732101,0.9924894104023736,0,0,0,0,
164,-1,9,0.5742599352782013,0.9402303801577923,56,0.713778994,0.9939969852359083,0,0,0,0,
165,-1,9,0.8371937608021149,0.9804492287601823,56,0.6471832648977454,0.9922600061579963,0,0,0,0,
166,-1,9,0.773434309,0.9718575294194026,56,0.5049962530585951,0.9878740429643035,0,0,0,0,
167,-1,9,0.6912773613145545,0.9598062921990644,56,0.874095309,0.9975999230185668,0,0,0,0,
168,-1,9,0.5354282884688593,0.9329442694341435,56,0.6598055000657225,0.9926023166982976,0,0,0,0,
169,-1,9,0.5260382744478378,0.931112007,56,0.6238131205530795,0.9916085414706123,0,0,0,0,
170,-1,9,0.6765050911407394,0.9575053955972108,56,0.5574755862714905,0.9896196698132059,0,0,0,0,
171,-1,9,0.5193564684906026,0.929790406,56,0.6086415716566154,0.9911726607541705,0,0,0,0,
172,-1,9,0.5793486568924866,0.941152501,56,0.7806043946996771,0.9955867884937107,0,0,0,0,
173,-1,9,0.8090506949968176,0.9767312471567595,56,0.5888688597568752,0.9905882884403068,0,0,0,0,
174,-1,9,0.326745741,0.883127332,56,0.6357794592843469,0.9919450531739546,0,0,0,0,
175,-1,9,0.613810988,0.9472144079354884,56,0.5085623014155513,0.9879981827540731,0,0,0,0,
176,-1,9,0.6419415581792317,0.9519422669075611,56,0.6500117415892146,0.9923372799794642,0,0,0,0,
177,-1,9,0.6180477396878588,0.9479386363368174,56,0.5717091531378612,0.9900653053354203,0,0,0,0,
178,-1,9,0.5782051593618772,0.9409459179216232,56,0.6908522189715361,0.9934176636916927,0,0,0,0,
179,-1,9,0.500448546,0.9259669638265614,56,0.7424658238353395,0.9946966406242236,0,0,0,0,
180,-1,9,0.502819049,0.9264532831215151,56,0.47230081992760925,0.9866939760847617,0,0,0,0,
181,-1,9,0.7162001446879266,0.963590948,56,0.5248250256923558,0.9885536854888337,0,0,0,0,
182,-1,9,0.39652791267259113,0.902326582,56,0.6336212307328889,0.9918848228053269,0,0,0,0,
183,-1,9,0.7311236051739359,0.9658014816330847,56,0.6458012651991354,0.992222129,0,0,0,0,
184,-1,9,0.6683648728510607,0.9562183387517409,56,0.7435886128262095,0.994723482,0,0,0,0,
185,-1,9,0.7475905611854667,0.9681945764084628,56,0.8939848589398964,0.9980008146053005,0,0,0,0,
186,-1,9,0.5858059321351136,0.9423123060826661,56,0.4809305953470007,0.9870130620271463,0,0,0,0,
187,-1,9,0.5626200090599099,0.9380935077901573,56,0.36300239415884356,0.9820672781756881,0,0,0,0,
188,-1,9,0.6936219106779633,0.9601674478239096,56,0.8936105610973871,0.9979933515039848,0,0,0,0,
189,-1,9,0.6525895378921855,0.9536839117676448,56,0.7035583756117548,0.9937410190556216,0,0,0,0,
190,-1,9,0.53872639,0.9335810502499498,56,0.6362042332561054,0.9919568838222677,0,0,0,0,
191,-1,9,0.5397232954611931,0.9337728456403809,56,0.7143123411609958,0.9940102434098813,0,0,0,0,
192,-1,9,0.6740684812693286,0.9571215912548996,56,0.746592122,0.9947950880289621,0,0,0,0,
193,-1,9,0.448706426,0.9148062924515352,56,0.8033435932624802,0.9960974069591615,0,0,0,0,
194,-1,9,0.6362932948859801,0.9510079547752973,56,0.6049482953558839,0.9910649376448616,0,0,0,0,
195,-1,9,0.46667405503781845,0.9188058245526435,56,0.5823103075225001,0.9903901900658537,0,0,0,0,
196,-1,9,0.4520055783557309,0.9155512161379423,56,0.35350213690265975,0.9816023110415659,0,0,0,0,
197,-1,9,0.5659391639099243,0.9387068176921782,56,0.8141953729050406,0.9963361048267393,0,0,0,0,
198,-1,9,0.6600645277807845,0.9548915358949324,56,0.7137172721152273,0.9939954502902896,0,0,0,0,
199,-1,9,0.6258249986973108,0.9492566676683395,56,0.32358638591033684,0.9800535942417951,0,0,0,0,
200,-1,9,0.6241468265511345,0.9489735004959771,56,0.7782768749257518,0.9955337012499806,0,0,0,0,
201,-1,9,0.6327827215320757,0.9504235285707681,56,0.6091406904726075,0.9911871694636483,0,0,0,0,
202,-1,9,0.49582510948153735,0.9250125242702673,56,0.4513057113722784,0.9858931207238851,0,0,0,0,
203,-1,9,0.6990218391275866,0.960995145,56,0.5406921061691613,0.9890796136448708,0,0,0,0,
204,-1,9,0.5153600575047582,0.9289927104440062,56,0.5971429826006562,0.990835136,0,0,0,0,
205,-1,9,0.7681328494089594,0.9711150936703593,56,0.8374620548576343,0.9968375232699841,0,0,0,0,
206,-1,9,0.603513646,0.9454354866728565,56,0.6590865466891123,0.9925829923637712,0,0,0,0,
207,-1,9,0.3736531757297765,0.8963890026404562,56,0.5788122672066931,0.990283635,0,0,0,0,
208,-1,9,0.7874011402633423,0.9737920543400564,56,0.517826613,0.9883167353303042,0,0,0,0,
209,-1,9,0.7558501701459256,0.9693773260051749,56,0.687881416,0.9933412182958583,0,0,0,0,
210,-1,9,0.614145939,0.947271826,56,0.5052515015669364,0.9878829571326267,0,0,0,0,
211,-1,9,0.5099809555514717,0.9279102997049019,56,0.4964449579673427,0.9875728156770356,0,0,0,0,
212,-1,9,0.712831702,0.9630863395854607,56,0.40973518205365306,0.9841933251328737,0,0,0,0,
213,-1,9,0.31323281453046387,0.8789926636160784,56,0.8715606717163696,0.9975481927643362,0,0,0,0,
214,-1,9,0.7887907780459912,0.9739828589603441,56,0.45571604149954914,0.9860643453924163,0,0,0,0,
215,-1,9,0.5335095592353669,0.9325722048968123,56,0.7789270732185613,0.9955485469789391,0,0,0,0,
216,-1,9,0.7519471681510609,0.9688198679311553,56,0.6513760214589996,0.9923744340428204,0,0,0,0,
217,-1,9,0.47902395790258523,0.9214762307799013,56,0.7848206614007877,0.9956825605529139,0,0,0,0,
218,-1,9,0.7200994919338146,0.9641724606791813,56,0.4952045606252412,0.9875286988527014,0,0,0,0,
219,-1,9,0.42809297305401717,0.9100385479121101,56,0.5326524875005618,0.9888150564789844,0,0,0,0,
220,-1,9,0.6001324218659284,0.9448454755658838,56,0.35524978735081986,0.98168876,0,0,0,0,
221,-1,9,0.7493159366560531,0.9684426010845215,56,0.5762867308565706,0.9902063103091949,0,0,0,0,
222,-1,9,0.49659864760086747,0.9251727592640474,56,0.346043365,0.9812285770130935,0,0,0,0,
223,-1,9,0.40213508283053995,0.9037354728091321,56,0.6276338414340672,0.9917166699555934,0,0,0,0,
224,-1,9,0.648816132,0.9530696209110052,56,0.5592462438989536,0.9896757116726659,0,0,0,0,
225,-1,9,0.6501910753117124,0.9532938213724383,56,0.7173873843163606,0.9940864950916735,0,0,0,0,
226,-1,9,0.6762374472203655,0.9574632976024161,56,0.6192404008695342,0.9914782726716412,0,0,0,0,
227,-1,9,0.5790176947056072,0.9410927467595073,56,0.5343562440365844,0.9888714474214922,0,0,0,0,
228,-1,9,0.6325819506415262,0.9503900179824272,56,0.4161963474164913,0.9844683416168494,0,0,0,0,
229,-1,9,0.5853402765457445,0.9422290498243533,56,0.4197080182588956,0.9846160605176442,0,0,0,0,
230,-1,9,0.6546084434364049,0.9540112837058897,56,0.45618128924684614,0.9860823129710099,0,0,0,0,
231,-1,9,0.7094068457846782,0.9625711023725682,56,0.6497917446981836,0.992331282,0,0,0,0,
232,-1,9,0.5858884599641175,0.9423270553965432,56,0.7274872325714213,0.9943347010001321,0,0,0,0,
233,-1,9,0.7320186179536937,0.965932776,56,0.8029314055124928,0.9960882780900865,0,0,0,0,
234,-1,9,0.6148764630693653,0.9473969569583097,56,0.61430012,0.9913364666630128,0,0,0,0,
235,-1,9,0.502016211,0.9262888060243849,56,0.7245913201280216,0.994263881,0,0,0,0,
236,-1,9,0.5600835160991728,0.9376226454963364,56,0.5057581546791562,0.9879006381314679,0,0,0,0,
237,-1,9,0.8543628618716795,0.9826632328463899,56,0.7072283615797247,0.9938333483199444,0,0,0,0,
238,-1,9,0.7618829623424148,0.9702339641401682,56,0.29031535949803305,0.9781566078149311,0,0,0,0,
239,-1,9,0.665724437,0.9557978635271119,56,0.6057478066883785,0.9910883119519089,0,0,0,0,
240,-1,9,0.6190937425931942,0.9481167602124915,56,0.5191651810664653,0.9883622984497202,0,0,0,0,
241,-1,9,0.38970439129019796,0.9005879762414598,56,0.5000866219242295,0.9877017148620079,0,0,0,0,
242,-1,9,0.5866057294676204,0.9424551675666901,56,0.33462538281920684,0.9806408490347376,0,0,0,0,
243,-1,9,0.6015990830993723,0.9451017644381388,56,0.40433301870848887,0.9839600952380004,0,0,0,0,
244,-1,9,0.7884976577112118,0.9739426368673021,56,0.7084934201348847,0.9938650655530231,0,0,0,0,
245,-1,9,0.3351558472850619,0.8856245451111019,56,0.6694850492250212,0.9928604931430492,0,0,0,0,
246,-1,9,0.5105861148357521,0.9280325782592351,56,0.6930087833463429,0.9934729549201711,0,0,0,0,
247,-1,9,0.5280654134717452,0.9315100071236814,56,0.5077658993142093,0.9879705330462061,0,0,0,0,
248,-1,9,0.535588506,0.9329752838356862,56,0.6852297153732589,0.9932727097514623,0,0,0,0,
249,-1,9,0.6427493089834688,0.9520752839406386,56,0.6237314994860063,0.9916062244606482,0,0,0,0,
250,-1,9,0.5568541794216311,0.9370204165147427,56,0.7435391592886512,0.9947223004383418,0,0,0,0,
251,-1,9,0.5997767573621339,0.9447832417928627,56,0.6017561304803383,0.9909713089462151,0,0,0,0,
252,-1,9,0.8732609755373241,0.9850549331786169,56,0.7014959837713436,0.9936889257197594,0,0,0,0,
253,-1,9,0.6659564173962103,0.9558348645681392,56,0.8093190484375269,0.9962292332308555,0,0,0,0,
254,-1,9,0.21861430947406787,0.8445608661388947,56,0.7312313586599065,0.9944258547148666,0,0,0,0,
255,-1,9,0.4583663844529615,0.9169738976522109,56,0.7320436734513971,0.9944455706383899,0,0,0,0,
256,-1,9,0.7284308385779578,0.9654056001084018,56,0.6225696812008279,0.9915732111324037,0,0,0,0,
257,-1,9,0.42005796183858074,0.9081246598638054,56,0.506883158,0.9879398359652536,0,0,0,0,
258,-1,9,0.6048357635262387,0.9456653923840053,56,0.6331095452037614,0.9918705134879122,0,0,0,0,
259,-1,9,0.7239298497935475,0.9647409660416715,56,0.6885390374565659,0.9933581682774478,0,0,0,0,
260,-1,9,0.710599138,0.9627507218402002,56,0.7883327945981415,0.9957619532935827,0,0,0,0,
261,-1,9,0.6572750728110821,0.9544423132804092,56,0.5553696252927204,0.9895527874379355,0,0,0,0,
262,-1,9,0.5653637835668275,0.9386007290097322,56,0.5065699399971806,0.9879289312910583,0,0,0,0,
263,-1,9,0.741379657,0.9672975191212944,56,0.7531004347730108,0.9949492858147353,0,0,0,0,
264,-1,9,0.5506386532656373,0.935852512,56,0.5615838075225695,0.9897494299806059,0,0,0,0,
265,-1,9,0.5535504317132897,0.9364010897112492,56,0.7149801822569378,0.9940268311988638,0,0,0,0,
266,-1,9,0.42978542543519266,0.9104376038403741,56,0.6554476643114465,0.9924848662579379,0,0,0,0,
267,-1,9,0.5929524484911902,0.9435827335147301,56,0.7775815645833178,0.9955178120106102,0,0,0,0,
268,-1,9,0.39157227771198555,0.9010665792692346,56,0.4384093276513372,0.9853828427490439,0,0,0,0,
269,-1,9,0.5181411394426203,0.9295484016178186,56,0.6999092474220179,0.9936487443386972,0,0,0,0,
270,-1,9,0.5769293759608766,0.9407150075658092,56,0.3508233867233726,0.9814689868601326,0,0,0,0,
271,-1,9,0.5339920926050711,0.932665886,56,0.43008658273329914,0.9850456449372536,0,0,0,0,
272,-1,9,0.5287594911074598,0.9316459673183002,56,0.5353522879891388,0.9889043327508585,0,0,0,0,
273,-1,9,0.5042513142328721,0.9267461320339176,56,0.3443550897241577,0.9811428855381015,0,0,0,0,
274,-1,9,0.6522450403914677,0.9536279605128009,56,0.7095498830525048,0.9938915103365721,0,0,0,0,
275,-1,9,0.5210269513803917,0.9301222231585781,56,0.4436509820232368,0.9855919977554263,0,0,0,0,
276,-1,9,0.3225423661795103,0.881857737,56,0.4960075016580498,0.9875572691753789,0,0,0,0,
277,-1,9,0.48703619736425313,0.9231761630405992,56,0.8101232794729337,0.9962469025770271,0,0,0,0,
278,-1,9,0.5689998043650263,0.9392695326451205,56,0.5352397354716976,0.9889006197363643,0,0,0,0,
279,-1,9,0.33989882976995106,0.887008417,56,0.6151560862449043,0.9913611163824836,0,0,0,0,
280,-1,9,0.5948011032423456,0.9439091502398524,56,0.8154403740892919,0.9963632900602842,0,0,0,0,
281,-1,9,0.6693401279502885,0.9563732695261301,56,0.6175092535884377,0.9914287086179635,0,0,0,0,
282,-1,9,0.6460565975049918,0.9526183693468626,56,0.5884579643339437,0.990575941,0,0,0,0,
283,-1,9,0.6931412781860532,0.9600934994583823,56,0.557130651,0.9896087321600209,0,0,0,0,
284,-1,9,0.7217742623836721,0.9644213616024325,56,0.693557025,0.9934869841187309,0,0,0,0,
285,-1,9,0.5420618849007035,0.9342215359404754,56,0.7826735577047949,0.9956338526322938,0,0,0,0,
286,-1,9,0.5679158800243327,0.9390705557915189,56,0.749559053,0.9948655449226678,0,0,0,0,
287,-1,9,0.9006400409632825,0.9884396062039139,56,0.6288400797688051,0.9917506729221363,0,0,0,0,
288,-1,9,0.519303935,0.9297799554967605,56,0.7447739442739432,0.9947517750024659,0,0,0,0,
289,-1,9,0.5012378281831505,0.9261291155671808,56,0.6722745077442395,0.9929342143026104,0,0,0,0,
290,-1,9,0.5697545849263698,0.9394078894143557,56,0.8005561727476181,0.9960355831150083,0,0,0,0,
291,-1,9,0.4167957490302466,0.9073383208868788,56,0.6361224734282992,0.9919546072806644,0,0,0,0,
292,-1,9,0.7604648736760117,0.9700331433702243,56,0.5088246165070325,0.9880072805722229,0,0,0,0,
293,-1,9,0.7733370815664277,0.971843954,56,0.8547071453258348,0.9972004192127752,0,0,0,0,
294,-1,9,0.7273582995286535,0.9652475566713308,56,0.7222823862428369,0.9942072164647403,0,0,0,0,
295,-1,9,0.5882308973203615,0.9427449259181603,56,0.7216898451531647,0.994192646,0,0,0,0,
296,-1,9,0.30833065666821946,0.8774534353844525,56,0.6702622666812916,0.9928810640953459,0,0,0,0,
297,-1,9,0.5759696417156814,0.9405410011697791,56,0.4693978575046984,0.9865853506899495,0,0,0,0,
298,-1,9,0.5649859190164219,0.9385310060869541,56,0.6603218634925414,0.9926161829777951,0,0,0,0,
299,-1,9,0.7426391630499568,0.9674799714329362,56,0.6220564758108991,0.9915586090140005,0,0,0,0,
300,-1,9,0.6489695513012443,0.9530946585923741,56,0.656522209,0.9925138979949779,0,0,0,0,
301,-1,9,0.6581085329035141,0.9545767135655309,56,0.3776248782577758,0.9827600883389673,0,0,0,0,
302,-1,9,0.448798044,0.9148270447188385,56,0.7101277397910933,0.9939059585642049,0,0,0,0,
303,-1,9,0.4305860181475483,0.9106258856426233,56,0.5753377341665731,0.9901771685891919,0,0,0,0,
304,-1,9,0.7638421539446162,0.9705108665780735,56,0.6862844990158168,0.9932999919644552,0,0,0,0,
305,-1,9,0.5881974689337752,0.9427389729954079,56,0.4405988320246944,0.9854705065084276,0,0,0,0,
306,-1,9,0.5856211095714827,0.9422792680267473,56,0.6385023028298132,0.9920207545958626,0,0,0,0,
307,-1,9,0.8239029692815507,0.9787074550277691,56,0.7718990166401996,0.9953874288573826,0,0,0,0,
308,-1,9,0.5845182071728144,0.9420819252300304,56,0.6955637177807095,0.9935382415088173,0,0,0,0,
309,-1,9,0.6740696738939992,0.9571217794134813,56,0.5656884402539306,0.9898781490454711,0,0,0,0,
310,-1,9,0.5699091571987437,0.9394362035362134,56,0.6264347565640406,0.9916828049673531,0,0,0,0,
311,-1,9,0.5717082211423229,0.9397652499892757,56,0.46593762559309326,0.9864550076879283,0,0,0,0,
312,-1,9,0.6725821649350467,0.9568868670783325,56,0.671471378,0.9929130196561157,0,0,0,0,
313,-1,9,0.5929497619109563,0.9435822584877261,56,0.458491938,0.9861712829661297,0,0,0,0,
314,-1,9,0.8343679337015469,0.9800809687077049,56,0.705648858,0.9937936690974748,0,0,0,0,
315,-1,9,0.6200366784006098,0.9482771036624726,56,0.6144075956735743,0.9913395635432561,0,0,0,0,
316,-1,9,0.5461123000377778,0.9349946082424603,56,0.7187180926844198,0.9941193931300067,0,0,0,0,
317,-1,9,0.6492896260439778,0.9531468772173022,56,0.46281846020534023,0.9863366949326423,0,0,0,0,
318,-1,9,0.43122288820603577,0.9107754413774234,56,0.6094036086248253,0.9911948074445752,0,0,0,0,
319,-1,9,0.4295804674391144,0.9103893521062654,56,0.6059179388275668,0.9910932819811892,0,0,0,0,
320,-1,9,0.614620325,0.9473530982044307,56,0.5133523413772777,0.9881635929064547,0,0,0,0,
321,-1,9,0.51058578,0.9280325105620574,56,0.5052920644243096,0.9878843733218082,0,0,0,0,
322,-1,9,0.5659250870645812,0.9387042233464293,56,0.5266234162397634,0.9886140736695084,0,0,0,0,
323,-1,9,0.3491594599584756,0.8896616458378556,56,0.6496979069457105,0.9923287223406743,0,0,0,0,
324,-1,9,0.7667497678831217,0.9709206528525919,56,0.6491561065855331,0.9923139389767041,0,0,0,0,
325,-1,9,0.5352056883309645,0.9329011654347061,56,0.6910105800073685,0.99342173,0,0,0,0,
326,-1,9,0.6256642244094348,0.9492295685958726,56,0.5545616982602163,0.9895270626739863,0,0,0,0,
327,-1,9,0.4589946446454539,0.917113463,56,0.4824671692001182,0.9870692865024133,0,0,0,0,
328,-1,9,0.5905944870815237,0.9431650732881313,56,0.600344376,0.990929745,0,0,0,0,
329,-1,9,0.7784184872286288,0.972551418,56,0.5689470274907644,0.9899796850734379,0,0,0,0,
330,-1,9,0.6274165904654961,0.9495246027284044,56,0.35874403243456304,0.9818603591618691,0,0,0,0,
331,-1,9,0.8434002981208455,0.9812541980990287,56,0.6601149343984843,0.9926106274407751,0,0,0,0,
332,-1,9,0.6634676673540234,0.9554373086101942,56,0.6675689878320896,0.9928096795572642,0,0,0,0,
333,-1,9,0.4532784170925185,0.9158373220330497,56,0.7347592873083888,0.9945113264403466,0,0,0,0,
334,-1,9,0.6223933380955272,0.9486769008593176,56,0.5884380527599109,0.9905753427446284,0,0,0,0,
335,-1,9,0.49445141324021924,0.9247274206921542,56,0.6840335680747167,0.9932417211833885,0,0,0,0,
336,-1,9,0.6366340797539987,0.9510645345535702,56,0.36427368528767345,0.9821285898140087,0,0,0,0,
337,-1,9,0.3692485121228158,0.8952087243457584,56,0.6099828927575601,0.9912116246935394,0,0,0,0,
338,-1,9,0.5780703537969958,0.9409215402054154,56,0.7462890842298249,0.9947878761885577,0,0,0,0,
339,-1,9,0.605368728,0.9457579443504185,56,0.9158871323216623,0.9984322634011874,0,0,10000,0,15#23#16#19#14#33#25#13#11#20#18#38#31#13#11#21#11#15#10#19#10#32#10#17#49#31#31#16#11#13#13#12#20#22#10#32#27#14#28#43#12#12#10#19#13#10#19#44#17#14#10#15#10#23#24#10#58#14#14#12#36#10#15#39#16#60#11#26#12#27#18#41#10#46#10#21#12#17#37#14#18#11#10#46#16#28#13#14#18#36#14#43#21#10#26#11#15#19#24#54#28#17#15#27#17#10#28#26#19#13#10#11#34#12#11#22#10#10#15#10#10#63#12#10#10#22#17#20#12#33#24#29#12#10#10#10#19#35#20#28#10#19#17#23#37#12#10#19#12#10#12#25#10#26#32#19#11#34#15#17#22#15#23#41#17#10#10#10#21#12#15#12#34#39#15#10#20#17#11#37#32#10#10#20#11#13#12#13#11#11#10#40#16#10#16#21#21#24#18#13#29#20#41#49#14#15#11#10#55#10#21#22#11#11#22#10#14#14#12#17#10#47#28#18#36#12#10#34#20#14#10#15#27#11#14#20#22#14#28#15#28#37#20#10#25#46#10#38#73#19#14#33#18#27#16#19#13#46#16#11#20#11#29#58#36#16#12#39#16#33#11#12#21#19#15#42#26#16#12#25#12#10#10#21#14#23#24#30#30#10#26#27#62#14#10#17#34#22#11#24#32#12#34#19#23#13#10#17#23#21#25#28#14#11#20#17#33#14#20#31#14#33#11#22#16#20#25#14#30#11#12#42#11#32#21#10#24#14#15#15#19#11#11#51#10#11#14#10#15#21#23#16#32#12#16#20#18#23#12#13#10#34#21#12#12#22#12#10#59#16#21#16#55#23#15#22#34#10#26#15#14#37#23#15#10#12#11#10#27#81#10#11#14#13#12#10#22#34#49#21#40#25#31#47#32#50#33#10#13#19#16#19#42#21#37#10#18#16#20#48#23#11#10#11#16#15#15#10#37#11#12#43#13#10#21#19#13#15#28#31#10#28#23#13#11#18#34#12#51#24#14#18#40#24#15#11#28#11#22#18#13#10#46#15#12#11#22#23#21#13#10#15#10#14#10#15#10#14#26#16#10#16#14#21#20#16#10#13#17#12#23#65#10#12#26#42#34#11#27#10#10#10#22#23#10#10#50#26#20#23#16#14#18#10#10#13#10#12#10#18#18#10#11#18#12#36#24#11#29#10#14#14#21#24#15#10#13#13#16#29#17#25#15#11#33#35#13#11#23#13#15#22#15#10#11#17#19#18#25#21#16#10#32#22#19#20#10#10#10#13#15#33#12#12#26#11#31#22#15#23#10#21#36#11#14#10#17#11#24#12#15#16#12#38#11#12#10#10#16#13#16#23#15#14#10#18#10#35#26#10#14#16#10#23#20#24#20#10#25#25#26#14#21#26#24#40#11#27#31#28#19#37#21#89#10#44#15#14#13#12#17#15#18#20#41#19#28#23#16#11#22#13#22#28#23#13#14#20#43#12#30#11#27#10#10#17#35#26#26#13#23#37#20#25#27#12#22#11#15#23#12#22#12#35#10#31#10#13#24#15#11#12#30#10#10#10#20#36#17#26#16#19#13#18#23#24#10#32#27#32#12#34#10#10#23#10#25#26#27#19#21#12#10#26#37#15#31#18#51#35#27#46#43#21#27#56#21#21#10#40#20#31#17#10#14#46#10#35#11#13#37#16#19#12#18#11#12#26#20#16#24#12#34#22#15#13#10#34#28#13#14#19#19#30#32#13#30#20#12#13#17#10#10#10#16#14#14#29#21#10#35#34#21#42#17#17#10#10#15#56#30#16#16#13#10#28#28#25#16#12#10#36#15#18#25#13#10#32#23#21#13#18#17#13#10#12#19#12#15#11#10#30#11#13#10#15#10#31#10#10#24#14#12#13#35#16#28#46#50#22#42#30#14#12#10#22#11#18#22#16#24#16#55#17#10#20#20#26#22#18#16#10#37#28#33#21#10#11#18#27#18#10#19#11#13#25#11#10#16#10#12#36#24#10#13#40#10#29#11#40#22#19#12#22#72#22#29#13#17#21#11#11#10#43#10#26#11#16#30#28#10#30#38#18#10#14#10#12#16#41#10#15#59#10#10#14#11#10#21#18#17#10#32#25#12#21#12#11#24#15#10#11#22#14#10#22#15#15#14#13#12#19#21#17#11#14#13#20#16#10#12#11#24#12#41#52#16#26#17#24#16#30#10#11#14#21#10#27#10#19#16#15#15#10#19#44#23#45#16#10#14#17#14#25#13#14#13#28#10#14#16#23#20#20#20#19#10#11#22#17#12#28#25#10#12#20#13#20#14#28#10#22#25#16#33#42#39#16#27#12#26#20#10#10#12#18#15#34#27#10#10#31#19#23#13#10#17#16#10#12#10#17#11#14#25#23#13#14#10#13#40#30#22#12#35#17#19#10#10#14#10#20#14#22#18#11#11#30#19#12#27#16#11#13#45#10#15#16#15#24#10#14#40#19#18#11#13#10#11#19#13#10#11#16#22#12#38#10#27#21#17#27#33#30#45#64#10#12#18#10#30#12#12#10#10#16#22#20#19#24#57#12#11#11#11#30#22#23#15#26#13#29#43#35#24#12#19#14#10#40#24#18#10#15#15#10#14#18#10#32#55#20#10#34#15#10#17#28#11#32#30#20#53#19#13#14#21#18#10#48#11#14#29#18#19#25#15#36#28#27#11#15#17#10#10#10#17#17#13#40#12#12#10#10#20#22#17#10#24#11#11#19#10#10#33#25#10#16#13#10#42#10#10#50#16#18#31#18#20#20#16#14#28#37#26#17#12#24#10#20#18#45#19#14#20#19#10#30#10#60#12#16#32#10#10#10#31#10#22#16#18#11#18#24#17#18#13#39#10#10#23#23#12#22#16#37#18#13#21#13#14#14#17#27#10#21#10#10#21#13#15#23#29#10#76#32#31#22#12#14#16#24#14#21#11#35#11#16#28#36#36#10#14#19#12#17#10#22#24#27#33#26#10#21#54#25#11#14#14#19#11#10#18#15#54#13#11#20#13#10#14#12#12#34#19#18#39#13#25#47#40#13#16#21#29#45#10#16#10#13#18#65#13#10#31#28#14#30#27#10#21#22#38#21#25#10#45#49#19#11#29#28#10#16#27#12#19#35#10#12#11#11#19#48#11#10#11#17#32#26#41#17#16#41#10#25#15#10#10#28#15#59#25#32#17#13#13#17#30#25#10#28#21#16#37#18#12#35#10#10#12#10#28#20#34#18#10#11#30#14#27#17#11#47#16#10#16#16#11#22#12#10#14#55#24#12#23#14#16#52#12#28#10#13#26#54#50#20#75#26#11#39#20#36#15#12#10#23#17#12#10#21#36#14#25#52#16#15#15#17#38#14#10#12#10#10#16#10#20#14#17#11#10#23#48#25#14#12#50#12#29#16#10#22#14#20#20#13#40#13#10#34#19#20#65#10#12#17#36#18#52#10#25#17#25#18#14#60#32#14#11#13#10#22#14#32#32#40#28#17#26#16#10#10#16#10#15#12#54#13#20#22#11#26#12#19#10#17#32#26#14#10#17#26#20#16#52#11#12#51#10#21#16#15#16#16#17#21#30#27#17#11#15#10#21#46#18#20#38#20#22#11#17#10#17#24#15#18#12#19#29#32#29#24#12#27#17#35#19#10#11#21#17#41#20#12#24#12#31#14#11#19#17#10#16#23#27#52#17#25#12#16#11#25#22#10#31#10#11#12#16#17#15#12#10#31#39#19#12#19#31#18#11#14#10#23#36#19#21#22#33#16#39#29#14#30#23#16#38#19#14#10#14#16#35#26#17#11#27#14#10#25#60#10#22#23#15#36#34#27#10#10#13#12#26#19#11#14#22#17#24#13#12#10#10#14#19#29#24#12#11#18#12#13#10#25#10#11#21#22#24#11#50#11#14#17#12#32#64#24#10#35#13#52#19#13#17#12#31#10#24#21#21#12#40#18#56#15#29#14#25#10#39#15#45#13#10#10#10#15#23#16#10#23#10#25#10#14#19#25#24#29#38#10#53#48#13#20#17#17#11#74#10#21#27#14#10#10#15#10#11#26#29#14#10#14#24#31#19#16#23#18#17#14#18#53#21#21#33#24#12#19#14#10#19#22#15#11#30#10#11#32#10#39#14#15#18#10#10#12#11#37#11#10#43#21#19#22#23#10#23#42#30#16#22#11#27#11#11#17#14#56#15#23#14#30#47#10#36#13#13#24#10#26#23#24#12#18#10#12#10#32#23#23#29#15#18#11#30#19#37#23#19#23#11#25#21#23#10#12#11#17#88#14#10#10#15#20#11#52#36#19#11#17#17#13#21#26#36#34#12#12#11#13#13#47#29#10#28#18#14#19#21#12#16#14#10#43#10#17#20#17#10#70#10#43#38#19#12#23#26#58#35#28#14#13#12#15#11#17#37#12#20#13#14#20#11#27#10#23#20#10#23#22#15#27#12#28#28#28#11#11#25#10#20#16#10#29#19#12#18#11#15#10#10#72#10#14#34#40#25#10#10#16#13#17#13#15#23#16#14#20#15#22#13#15#17#12#10#18#11#29#11#22#64#15#29#13#10#12#24#26#15#28#13#10#20#11#32#10#29#17#19#15#26#20#56#21#12#37#30#10#19#13#25#28#11#10#14#16#16#19#13#20#31#16#10#38#13#20#19#17#13#20#12#24#11#26#23#17#10#20#13#12#10#10#10#18#10#31#10#25#18#16#16#10#32#10#13#26#12#27#44#39#24#10#31#16#10#17#32#24#16#17#19#21#13#20#13#25#17#14#14#10#17#40#10#19#17#10#11#13#11#33#19#27#17#11#37#43#51#31#52#14#17#16#50#10#19#28#33#38#50#18#10#16#10#21#12#20#11#19#24#15#61#42#17#17#24#11#17#29#10#10#16#10#27#11#10#15#52#52#19#12#14#44#16#15#10#21#54#10#17#11#16#16#10#17#10#24#26#27#25#10#11#14#10#28#27#19#17#12#18#37#21#14#10#22#18#10#12#10#15#21#10#58#40#32#16#17#12#24#10#14#16#15#13#17#49#104#10#10#14#19#15#10#26#14#36#13#12#45#32#47#12#25#10#18#19#16#16#31#20#25#14#12#26#11#11#52#19#25#15#16#14#10#16#25#22#13#15#24#16#10#22#66#14#13#41#16#25#16#15#26#17#10#12#12#17#11#14#15#20#12#10#28#13#14#13#23#15#17#11#24#20#10#111#20#10#14#19#31#12#17#16#18#10#14#14#11#10#10#11#26#12#32#18#22#10#10#45#10#34#19#30#19#13#26#14#18#29#10#22#21#10#28#39#55#28#13#12#37#23#44#10#10#15#38#18#30#15#23#29#23#10#13#13#25#17#16#12#12#19#10#21#10#12#37#19#15#22#13#13#19#10#29#12#15#13#36#14#12#12#12#31#14#37#13#14#59#10#27#17#12#12#12#10#12#26#57#17#21#10#12#34#78#24#48#21#18#10#32#35#10#15#27#43#25#18#36#30#44#21#25#23#16#16#19#12#44#28#35#17#33#10#87#11#17#16#17#36#20#37#10#14#33#16#10#11#13#14#10#10#22#12#11#12#15#14#11#10#17#37#20#13#22#10#23#17#17#13#42#11#43#10#31#15#14#10#11#22#63#11#34#44#13#12#16#21#10#14#56#13#14#13#10#20#13#12#20#12#17#44#17#16#21#27#11#36#38#39#15#10#16#10#48#11#11#16#23#23#11#10#24#10#22#22#15#16#12#56#26#45#17#13#11#10#11#19#10#19#11#37#31#49#14#20#15#34#12#33#10#20#11#17#25#17#16#28#17#15#15#31#18#14#13#53#10#22#32#33#31#10#18#31#10#11#11#12#37#60#25#11#22#28#14#15#14#14#27#25#12#13#10#10#33#62#34#21#14#26#10#18#10#16#13#17#16#16#10#12#10#33#26#24#15#10#30#17#10#16#14#13#29#10#18#14#55#13#10#18#24#11#12#18#11#43#18#10#16#10#18#25#32#44#37#25#12#12#21#10#18#14#10#34#14#36#18#35#11#21#21#36#69#21#22#11#16#28#40#21#24#18#39#20#12#26#17#40#13#12#12#26#10#30#11#16#15#21#15#17#10#30#11#123#12#13#11#18#36#13#19#11#19#37#10#10#17#12#32#30#10#12#16#11#23#27#12#47#14#26#48#10#23#24#12#15#32#16#23#19#27#17#10#36#21#26#10#18#23#12#30#10#25#11#13#29#20#12#20#10#24#11#16#26#18#29#10#26#31#30#10#15#19#11#17#10#17#23#10#50#84#19#23#19#19#10#14#10#14#15#10#13#24#10#12#23#24#23#16#13#33#20#22#22#25#10#17#37#23#29#34#10#29#15#21#11#63#20#36#13#10#12#10#18#13#10#23#20#17#14#18#23#16#18#20#10#10#12#14#18#12#21#15#11#43#13#10#10#14#10#12#11#11#14#20#18#19#12#12#14#36#12#17#49#14#17#14#14#10#16#13#11#22#29#23#26#28#13#11#31#10#62#12#15#21#10#27#21#16#16#19#38#56#23#13#17#10#13#16#16#19#16#11#35#12#13#10#14#10#11#20#15#12#21#23#10#19#20#65#11#22#30#14#18#21#27#10#30#12#11#18#18#51#10#41#12#13#19#12#18#18#11#23#11#22#24#18#22#13#10#10#15#12#13#28#27#22#12#30#10#23#12#28#22#14#10#14#10#10#45#18#10#24#12#10#15#19#18#19#36#23#15#12#10#23#21#10#11#10#13#17#17#10#13#15#25#10#11#31#20#13#15#10#17#29#13#14#10#14#27#35#43#15#21#18#20#18#10#26#19#15#37#21#15#25#15#10#16#22#14#17#32#12#17#34#32#13#10#14#30#13#16#24#10#10#18#10#20#20#10#24#15#16#14#18#31#18#10#29#19#10#23#35#17#10#17#19#45#15#27#10#10#13#77#10#14#11#15#17#21#38#43#17#15#32#10#18#10#37#10#16#26#17#26#14#11#15#13#10#27#33#18#21#17#13#63#13#68#18#25#32#13#15#38#58#14#20#10#10#14#10#11#12#13#10#53#19#20#11#10#10#11#12#14#10#14#16#14#28#10#19#45#60#13#11#11#24#10#10#31#11#17#15#32#22#32#27#14#16#46#23#21#24#12#12#24#23#16#13#22#15#27#24#10#11#11#10#17#16#28#10#10#29#18#10#13#16#26#14#14#19#22#10#39#15#15#15#10#38#17#29#14#24#10#10#17#11#15#12#10#10#40#39#14#12#17#16#10#50#13#74#37#28#27#12#13#18#23#19#16#12#20#20#45#10#16#48#35#24#10#10#24#20#13#21#10#15#40#12#28#30#47#19#12#16#27#20#39#10#15#10#17#11#17#19#15#13#26#22#18#20#36#33#23#10#36#26#19#18#27#11#18#12#24#27#18#11#26#14#11#12#12#23#29#23#29#47#16#15#17#30#27#12#10#22#17#20#11#31#11#18#14#10#29#50#27#21#23#12#21#10#16#19#85#31#12#10#11#14#32#13#35#12#40#16#15#10#10#18#10#17#17#19#21#10#40#16#19#21#10#12#18#48#21#15#11#31#14#30#15#10#38#25#29#10#10#65#13#15#16#26#23#38#14#10#22#15#10#28#13#15#27#18#18#34#10#22#27#10#12#16#13#53#28#15#17#29#13#19#34#19#14#56#18#23#28#42#10#12#19#14#51#10#22#10#47#35#37#15#19#12#10#15#15#51#11#10#11#16#14#10#29#28#18#18#10#11#18#11#28#35#28#10#10#14#23#16#14#29#10#10#38#17#10#16#11#12#39#12#21#28#10#18#31#14#10#27#34#27#20#19#23#11#17#24#20#15#23#38#14#23#29#27#28#12#22#12#15#17#17#20#19#17#10#35#23#22#13#15#25#11#25#12#10#22#14#10#12#42#10#13#10#30#48#16#18#23#10#10#50#24#13#13#34#36#31#23#26#33#25#10#33#16#10#24#10#39#35#13#10#10#37#20#25#10#10#11#39#13#20#11#31#14#16#11#12#10#40#11#18#10#12#14#34#25#15#13#14#19#38#14#11#10#10#55#12#39#45#25#19#10#30#35#19#10#48#10#28#10#18#11#10#14#14#11#11#22#12#12#15#30#15#17#16#37#10#33#13#33#21#15#35#11#13#16#24#19#24#24#55#11#10#10#13#13#18#15#14#36#38#10#68#10#35#21#13#15#22#12#19#32#23#23#27#10#20#12#32#17#11#21#11#33#18#10#10#29#33#34#11#51#26#24#18#16#16#17#15#44#35#11#37#50#16#19#11#12#22#17#27#22#21#10#28#47#12#46#21#17#28#13#16#33#10#15#19#25#20#14#19#17#21#20#21#34#10#10#10#12#10#10#18#27#11#14#13#35#38#19#28#14#15#10#42#31#16#14#14#21#34#15#13#18#42#33#12#13#13#11#20#10#10#12#12#10#53#30#10#11#12#27#10#34#10#11#20#10#15#15#18#10#12#69#23#22#15#24#27#20#12#45#10#18#12#13#17#11#24#41#15#18#11#11#13#26#29#16#10#12#14#20#45#13#10#21#15#19#10#11#22#10#10#13#10#13#25#18#25#22#40#25#12#22#19#24#13#16#22#20#16#13#16#14#11#11#22#27#11#24#13#33#16#11#10#18#22#10#36#14#13#31#13#12#51#10#20#18#32#58#16#46#13#10#14#18#22#11#44#14#18#14#10#14#10#28#17#12#19#16#11#10#11#17#28#22#36#27#14#12#10#12#10#10#12#39#42#15#12#14#32#18#24#16#11#12#44#11#81#10#10#26#25#19#15#13#10#33#10#10#12#11#13#11#22#11#10#14#10#16#16#17#18#18#15#10#19#15#38#39#14#19#57#42#30#11#16#17#14#47#35#13#16#13#29#15#60#34#15#10#11#16#13#10#17#17#15#25#21#21#54#16#14#13#14#21#10#18#38#12#13#12#33#12#10#24#10#32#33#14#11#29#54#13#30#26#14#20#34#19#12#17#11#36#12#10#10#15#10#40#36#13#11#29#28#34#29#12#10#12#17#15#10#24#12#15#29#10#24#15#13#16#17#25#31#27#11#12#10#10#11#11#21#11#13#15#16#10#13#14#12#13#16#10#23#30#17#10#14#11#32#13#10#10#14#10#10#18#18#11#14#12#15#12#15#14#35#29#14#12#42#42#54#18#13#52#28#19#13#41#11#15#11#10#26#36#39#12#12#12#10#10#21#16#12#19#31#39#10#10#14#23#16#11#70#27#14#27#14#14#15#13#18#13#14#18#24#10#18#16#10#33#13#25#10#14#38#35#28#24#10#10#29#23#10#11#20#12#16#25#18#10#24#10#21#21#10#15#26#15#10#15#11#14#11#46#15#11#11#10#21#11#24#17#12#15#12#13#43#14#19#16#16#10#19#26#10#35#14#13#10#43#17#26#27#10#24#16#12#20#13#10#10#14#12#13#22#16#28#30#10#28#16#56#55#18#18#19#10#11#18#20#10#11#15#19#21#38#13#14#11#21#13#19#14#18#20#39#17#20#10#21#15#34#12#11#13#19#14#19#11#28#13#76#18#21#10#31#10#18#15#20#11#45#15#20#13#11#10#10#16#42#10#23#11#11#14#13#15#16#23#23#12#10#10#14#41#14#28#10#16#20#16#10#24#13#14#24#22#29#32#31#14#10#38#19#18#23#29#20#10#23#11#41#10#19#13#15#35#16#36#41#27#21#17#55#15#12#20#17#21#46#27#49#11#13#17#15#12#38#16#13#11#16#42#11#20#17#17#26#10#10#17#11#10#16#11#45#12#25#19#16#19#33#10#15#14#17#18#20#17#10#10#14#14#21#25#10#10#10#24#32#15#10#19#11#26#13#26#10#23#13#13#16#45#16#49#21#12#10#48#10#21#16#26#25#20#11#50#13#36#14#53#32#19#11#21#32#30#22#18#19#17#27#25#17#16#22#11#10#10#14#25#16#15#11#48#10#12#15#14#10#20#11#38#10#16#13#10#12#12#22#17#10#10#40#14#10#14#11#12#19#17#19#29#12#10#12#33#27#19#14#20#22#10#12#11#12#47#50#14#18#10#22#45#30#11#40#36#18#22#12#12#15#23#37#13#15#12#12#18#10#59#21#50#13#25#10#42#40#28#10#22#33#10#63#23#15#23#14#22#16#33#12#19#13#14#19#18#16#28#22#12#17#26#14#18#11#30#14#10#16#14#30#17#30#47#10#11#10#11#10#15#10#24#14#18#18#50#19#23#37#37#14#13#10#11#10#39#10#16#20#12#13#14#20#29#11#12#13#20#12#14#10#18#30#22#10#12#10#19#45#15#17#70#14#11#11#14#10#17#16#37#22#11#25#33#18#13#17#29#34#14#14#17#15#27#28#27#35#22#55#14#12#15#29#12#12#11#30#12#11#12#16#36#12#36#38#12#20#11#32#13#23#46#30#12#24#26#17#21#21#23#23#10#14#14#20#34#20#14#20#15#13#36#22#14#26#15#11#37#10#10#10#24#13#11#17#20#35#19#12#42#32#13#15#29#16#16#11#36#12#13#25#11#20#16#14#36#16#10#24#17#12#10#18#10#22#29#19#24#23#22#24#13#22#47#10#14#38#10#47#16#13#32#25#24#59#10#11#12#12#40#17#17#21#10#13#10#34#32#61#58#30#19#21#14#15#11#40#23#10#17#14#15#12#10#20#32#23#40#13#33#13#30#13#11#18#34#10#36#31#30#12#11#36#34#11#16#11#25#30#24#33#13#10#26#10#58#11#44#21#33#16#13#16#34#27#31#25#10#49#31#25#27#17#32#33#49#24#19#10#10#32#11#16#13#13#11#19#17#16#17#22#46#17#16#14#16#48#31#31#16#10#15#10#10#11#22#20#10#23#10#10#28#31#13#13#35#12#12#42#13#11#17#49#18#10#16#11#26#38#40#47#25#10#20#17#21#10#10#17#11#10#19#18#14#26#12#12#39#24#18#19#27#13#20#37#24#28#14#20#10#15#12#15#13#14#18#13#19#22#10#10#13#20#38#37#25#10#18#34#10#25#23#42#20#10#10#21#18#19#37#12#45#14#13#16#10#10#15#11#18#24#46#12#18#11#26#10#28#12#28#15#18#11#12#12#10#41#29#16#13#26#11#25#29#12#21#17#16#16#10#10#14#24#18#10#46#18#18#10#10#18#15#10#13#29#23#10#10#25#24#24#28#13#26#22#31#13#12#13#19#25#21#15#10#21#49#10#10#12#16#10#12#11#10#18#20#24#13#27#10#33#62#48#16#11#17#15#12#28#14#18#22#16#13#10#10#17#12#19#10#32#12#10#27#18#16#33#24#19#15#10#10#19#10#10#10#12#30#18#24#16#16#25#11#13#26#10#10#17#11#12#15#13#17#12#14#35#12#10#53#21#29#15#10#21#11#47#19#11#18#25#39#20#12#26#15#18#13#15#30#33#11#18#11#19#10#10#29#75#11#24#12#11#13#11#12#18#32#17#15#10#13#12#38#14#33#13#42#12#20#13#12#10#42#12#15#41#14#69#27#32#12#12#11#12#28#10#17#15#14#20#19#13#17#23#58#23#43#21#17#23#35#25#11#20#19#57#18#35#22#22#19#12#77#16#14#10#19#10#17#12#24#14#42#24#25#15#56#21#35#30#13#23#28#55#10#10#36#18#20#10#10#16#25#54#14#22#21#21#12#47#16#23#24#24#13#22#10#17#12#11#17#50#37#19#11#13#10#10#20#21#23#13#24#14#18#10#17#11#18#19#26#33#26#24#10#13#72#23#15#18#35#10#36#15#13#25#18#29#12#10#12#10#11#10#12#37#20#55#10#13#12#27#11#26#10#29#19#18#20#36#13#22#10#18#10#38#20#23#23#35#11#11#18#16#11#27#11#14#10#15#24#19#31#16#17#11#11#11#34#16#17#17#39#11#18#22#10#10#25#15#13#10#10#13#15#34#31#25#11#35#13#10#15#35#36#10#18#60#24#21#18#19#12#17#33#17#14#12#13#23#11#15#21#26#26#12#10#10#18#19#15#39#10#13#14#22#48#10#15#14#15#11#16#26#10#21#22#22#20#19#10#24#54#10#10#10#23#45#24#10#19#18#10#10#22#21#21#10#18#30#28#18#13#10#17#44#16#13#28#10#20#12#24#20#21#19#14#29#13#20#24#25#13#26#11#13#16#16#26#24#20#12#15#15#13#10#10#17#24#19#11#35#15#10#20#15#10#46#36#13#19#11#28#22#10#72#32#24#16#10#17#10#10#11#29#18#12#38#25#10#14#32#20#36#19#10#18#12#30#12#33#10#25#33#27#11#11#17#12#18#23#18#28#14#10#12#13#10#10#35#15#39#14#11#16#11#17#10#32#39#19#19#41#11#11#10#24#20#20#21#13#18#10#16#27#19#10#50#11#14#10#10#10#13#11#11#10#10#39#13#10#35#10#28#10#20#52#42#18#14#10#11#19#18#35#39#19#10#29#19#35#17#12#14#17#18#10#12#10#10#11#17#11#39#26#17#40#12#14#11#10#13#25#11#17#13#32#11#10#22#18#10#18#16#33#10#15#29#10#35#16#18#11#15#12#28#21#54#19#18#11#14#24#33#11#15#37#10#10#18#18#10#30#13#10#18#19#14#13#15#21#13#10#12#10#20#27#22#11#18#10#21#50#16#10#22#26#10#11#12#64#17#13#10#43#25#17#27#21#43#19#29#10#51#10#52#27#10#10#12#15#17#10#20#17#14#15#10#46#24#22#21#41#10#14#42#16#15#15#28#38#17#21#25#19#14#19#17#18#23#15#38#22#25#12#10#12#11#18#43#18#18#10#11#17#19#27#11#11#11#10#10#19#30#11#14#17#11#20#52#15#22#15#23#17#12#10#23#16#27#16#23#13#29#19#21#21#41#23#10#12#11#22#19#10#33#17#11#10#10#10#17#13#27#10#34#22#20#12#11#12#23#16#73#13#19#20#11#51#10#14#14#29#21#15#10#29#14#59#12#13#12#19#59#33#17#18#22#10#30#13#31#12#23#20#12#12#10#10#11#21#18#33#18#12#19#18#22#12#11#32#16#12#20#19#23#12#17#33#10#21#18#29#31#15#14#12#10#13#19#13#25#70#105#42#10#33#19#13#41#10#14#15#18#19#10#26#25#17#16#13#64#35#53#13#30#14#13#17#15#16#42#32#26#10#21#41#14#19#19#14#40#50#21#17#15#17#15#17#20#19#13#10#42#26#11#20#19#18#31#10#13#48#14#24#15#30#25#14#33#13#21#21#28#39#39#20#21#17#25#15#17#10#16#22#10#10#14#28#17#40#13#19#10#13#10#27#16#55#10#15#11#10#12#21#23#28#17#19#23#10#38#10#20#13#12#11#15#25#20#11#18#51#25#12#11#17#19#20#10#17#10#83#20#22#24#30#12#30#17#12#13#10#13#27#10#15#10#18#51#18#20#10#35#13#16#11#35#14#25#15#11#12#34#22#23#26#25#14#10#48#15#16#29#12#16#12#21#26#24#10#24#12#18#23#16#10#25#27#23#19#13#26#13#13#16#10#10#10#23#29#10#14#12#18#14#11#13#28#19#23#11#10#23#29#21#33#13#40#10#28#26#18#15#42#15#18#20#16#15#14#31#14#10#11#20#48#22#27#10#10#11#32#14#20#18#33#18#11#30#32#14#16#39#25#12#12#10#10#30#10#11#13#17#20#13#12#10#32#12#12#33#10#20#15#12#20#14#21#10#31#14#30#11#42#13#11#46#10#48#13#43#22#20#17#10#12#19#22#17#12#11#15#10#17#21#11#61#15#27#29#10#34#15#13#15#10#10#23#19#22#31#12#12#18#13#16#11#12#19#24#27#19#11#11#36#22#21#21#11#24#31#15#19#15#12#23#19#25#20#25#35#11#14#10#10#34#21#10#14#33#33#26#16#11#10#23#10#22#17#22#25#25#13#11#15#15#28#16#24#23#12#51#37#19#12#17#26#16#24#18#16#36#28#17#27#26#28#31#60#21#35#10#16#57#32#17#16#47#13#17#19#24#15#15#10#13#16#11#14#17#13#49#26#32#24#20#32#22#37#14#11#29#16#38#75#10#16#12#15#15#20#31#10#10#17#15#24#30#14#10#27#48#12#10#13#24#15#32#24#12#10#18#30#11#26#11#21#10#10#23#11#10#23#14#13#12#22#18#10#12#26#10#27#20#19#13#35#24#11#26#21#20#10#28#16#53#29#31#21#10#10#13#10#13#12#15#10#17#15#24#14#15#11#14#13#13#40#50#32#21#28#10#24#19#10#10#13#13#28#30#10#21#21#11#36#18#10#15#23#17#26#11#16#12#39#12#27#18#17#21#11#11#37#36#24#17#16#19#13#19#13#17#18#18#30#23#23#19#26#10#38#37#13#10#24#17#18#10#14#17#23#15#14#11#22#19#23#10#12#25#17#38#28#17#10#53#13#26#21#21#11#35#13#13#15#29#22#16#34#15#21#32#16#42#19#10#20#10#11#23#18#11#20#11#11#12#11#15#10#16#11#10#16#12#10#10#16#23#15#18#10#10#11#83#14#54#16#11#11#10#14#12#18#21#14#29#11#17#18#30#46#10#16#16#13#17#12#18#11#32#10#16#10#13#38#17#28#10#19#12#28#11#17#10#12#31#24#10#12#22#28#32#11#10#14#37#12#18#40#12#18#12#13#38#19#17#19#13#11#17#11#10#18#11#10#39#23#22#17#10#13#14#31#10#22#18#12#23#11#18#47#17#19#12#33#26#10#16#51#10#11#16#27#16#16#14#13#10#17#17#15#12#14#10#10#25#18#14#10#18#13#13#12#10#10#11#12#45#15#26#11#28#10#91#25#11#11#17#10#13#12#14#10#17#14#37#34#22#12#18#13#12#11#24#11#14#12#10#10#11#10#10#12#15#20#20#14#25#46#13#23#11#27#45#11#10#10#19#13#32#11#13#28#24#14#21#15#34#31#10#13#11#32#14#15#12#33#11#23#18#13#21#13#22#13#16#12#28#14#12#17#11#20#13#23#30#19#15#21#20#11#12#14#17#20#13#37#17#61#10#11#11#14#13#14#11#10#12#28#10#41#22#10#35#20#23#19#12#11#23#13#22#12#10#12#25#10#10#10#14#10#16#64#25#10#26#14#33#10#42#18#54#16#19#17#21#20#11#18#17#45#40#10#10#12#24#10#10#15#12#13#18#10#18#46#13#51#28#12#24#13#10#14#17#18#16#24#16#18#18#12#14#22#10#10#23#32#10#52#11#14#27#10#19#22#17#31#10#63#19#13#13#11#18#11#12#16#10#21#10#31#16#13#13#10#18#25#19#45#13#20#15#18#15#34#14#15#25#14#20#17#18#14#34#26#28#12#45#13#14#21#17#19#10#23#27#10#11#14#16#15#30#30#10#11#25#16#15#17#11#14#15#24#22#10#15#21#28#27#12#23#19#10#19#10#31#10#12#31#16#12#15#33#13#17#10#11#18#11#25#22#16#18#80#12#20#35#24#16#10#14#15#14#15#11#25#10#20#17#10#12#45#40#10#13#23#30#15#24#42#12#38#13#20#44#24#11#10#30#16#22#25#34#21#10#19#12#12#11#11#15#18#34#11#12#17#10#36#19#13#12#18#18#11#25#22#11#19#11#15#14#11#13#21#34#21#10#19#13#21#26#15#15#14#17#11#19#27#24#23#10#11#17#35#10#11#39#23#23#15#14#26#10#11#13#16#67#55#24#27#36#15#17#19#17#25#25#26#10#21#14#17#18#12#14#11#11#13#10#11#22#21#26#27#12#10#48#43#31#12#48#14#46#11#15#10#64#38#14#16#17#20#23#17#11#24#27#28#10#13#34#12#21#12#10#45#20#13#19#24#16#41#16#24#15#10#23#17#57#10#17#23#24#17#12#17#10#28#15#56#21#45#16#12#32#34#62#26#14#49#10#17#27#13#19#14#13#54#29#16#14#22#11#24#28#18#29#25#10#27#13#13#18#10#27#34#17#18#21#10#14#20#11#21#20#12#18#17#12#14#19#21#26#23#12#11#15#15#10#19#19#11#10#14#20#33#23#18#10#47#22#10#17#20#11#28#24#12#24#116#10#14#13#19#65#22#30#11#10#14#23#39#10#14#20#16#19#17#12#19#20#11#10#10#10#37#31#11#19#23#10#16#10#29#10#11#21#25#11#17#37#16#17#12#35#10#29#22#21#50#19#21#21#18#23#20#10#17#20#13#14#23#13#10#13#19#19#21#13#25#20#14#11#16#20#12#11#41#10#40#11#44#11#11#14#16#29#57#25#13#19#11#13#13#25#10#18#22#34#21#11#10#49#10#19#13#11#14#20#10#19#17#21#29#10#19#23#12#10#22#20#35#10#11#18#11#22#17#10#17#34#31#10#20#10#27#11#10#10#21#18#20#18#15#20#13#36#11#11#35#19#37#22#14#27#20#14#10#19#20#10#10#14#31#29#34#55#13#10#18#18#10#11#10#33#18#43#10#20#45#13#19#18#12#13#12#27#10#13#31#28#12#14#37#11#24#11#22#31#14#19#10#12#10#14#13#21#17#25#43#29#12#15#35#24#15#53#12#11#14#21#13#27#17#15#20#14#17#27#18#10#10#15#37#23#30#13#23#12#26#23#17#16#11#37#23#10#35#57#15#14#23#12#31#10#15#14#40#20#25#13#10#12#20#14#26#13#17#33#27#14#27#14#41#30#10#20#10#13#22#13#16#11#10#43#15#10#15#29#18#17#36#22#11#15#17#25#18#17#19#32#12#17#11#16#23#42#18#13#11#20#30#39#19#19#10#14#63#19#24#30#22#26#28#34#15#20#17#15#13#12#28#26#11#47#12#12#11#10#11#38#10#36#27#11#13#10#25#15#29#34#13#10#11#39#10#43#35#16#36#22#21#23#15#11#25#20#19#11#20#16#17#33#17#10#22#10#14#34#10#22#19#17#25#25#19#29#14#17#14#23#21#21#23#56#60#21#20#59#21#10#27#16#10#10#18#11#21#34#15#13#10#38#24#19#23#35#10#15#22#10#10#19#24#21#10#17#13#18#68#10#13#24#10#10#45#15#29#16#21#17#39#29#10#13#22#10#27#11#81#10#24#27#16#15#14#25#43#20#13#10#10#18#18#10#28#14#10#19#10#10#32#22#10#13#15#10#27#34#10#13#11#10#15#21#10#13#12#22#40#10#14#10#10#10#35#48#19#14#13#18#12#47#22#12#20#10#11#14#25#39#18#10#18#44#17#11#13#10#24#17#33#25#30#28#15#28#12#26#11#18#10#13#10#24#11#14#10#12#25#13#10#23#10#17#30#24#25#11#13#14#11#16#12#13#12#12#22#11#10#46#23#15#19#12#27#10#22#12#20#11#42#11#18#21#34#12#16#15#74#15#36#13#11#11#10#10#10#18#31#46#11#15#14#24#19#21#23#13#16#10#34#20#13#14#10#25#22#23#10#19#10#10#57#10#24#18#22#15#15#43#11#17#25#10#10#12#15#30#13#14#20#20#41#18#16#20#15#10#10#16#31#17#15#37#29#13#11#29#12#12#10#57#10#18#12#16#10#10#13#12#40#17#10#15#31#24#34#10#12#28#10#10#10#26#10#14#10#12#21#17#29#19#10#10#10#29#15#19#11#41#29#10#21#16#15#12#34#22#14#38#10#15#32#10#63#11#36#19#16#19#10#20#14#63#30#20#34#10#15#12#28#13#10#25#33#13#12#18#23#23#32#51#13#14#30#10#10#12#19#20#10#32#20#10#25#14#14#10#11#18#15#15#51#11#13#28#20#22#38#13#18#19#15#41#29#23#10#15#43#11#20#14#18#23#14#16#10#16#27#16#17#12#17#35#39#38#10#13#52#11#10#22#13#32#17#10#39#32#10#12#12#20#10#12#20#36#13#31#33#15#52#50#17#27#21#22#50#23#24#28#23#31#14#22#27#29#12#10#36#16#23#13#33#11#15#26#44#25#18#48#15#25#10#21#31#13#10#20#28#16#26#10#15#41#27#35#11#11#12#26#15#35#13#56#13#53#16#35#10#12#28#10#10#12#13#13#10#10#17#25#19#10#22#13#19#11#24#10#11#13#17#37#32#15#18#19#17#19#10#10#10#10#15#13#20#46#64#24#10#15#10#30#15#10#10#28#20#29#10#10#25#11#22#18#30#25#13#17#23#10#21#13#22#10#10#12#27#20#10#15#18#10#21#16#19#10#27#30#15#61#10#12#58#11#27#10#23#18#17#11#15#10#27#10#14#23#16#13#10#22#10#16#11#43#26#39#32#26#32#40#10#29#22#32#11#35#10#26#10#15#13#28#21#22#18#15#16#10#31#13#12#14#13#23#39#10#25#10#12#27#10#19#13#26#32#14#15#32#13#10#30#15#15#27#10#21#15#28#10#10#16#11#17#19#43#12#14#12#12#11#21#10#12#19#15#37#13#18#20#24#24#17#35#25#38#21#20#10#14#30#20#12#21#24#35#23#17#14#32#56#13#43#30#20#11#13#10#20#25#28#10#16#17#13#20#41#35#26#26#62#10#33#17#13#11#27#23#23#10#19#36#20#24#37#26#25#10#12#10#21#35#22#20#33#12#27#10#10#29#15#24#19#17#11#17#52#15#12#14#10#37#10#16#10#24#16#26#35#17#10#25#19#19#14#13#13#10#23#10#14#10#11#10#27#34#10#14#20#38#15#12#10#12#15#36#18#10#16#12#11#12#26#29#13#16#10#34#14#13#24#12#16#16#13#11#29#30#17#12#30#17#11#10#10#15#27#12#11#12#12#10#17#23#39#10#21#14#11#23#13#11#10#11#30#14#14#11#29#48#30#15#10#14#14#16#10#24#11#13#11#10#36#19#16#12#23#10#14#10#15#10#27#14#19#26#10#13#10#18#10#14#19#15#23#12#10#10#24#10#19#12#14#18#17#17#12#16#15#16#21#38#52#12#74#23#14#27#20#11#11#13#37#14#32#19#19#10#10#12#14#19#10#27#17#10#21#16#11#10#64#10#21#16#13#13#21#19#14#15#19#15#22#59#24#29#16#10#19#29#17#12#14#24#18#18#14#12#29#16#14#11#48#14#10#13#23#13#10#10#12#19#32#13#29#17#12#23#11#10#33#10#39#35#11#10#13#14#17#21#28#25#16#14#24#26#14#16#23#21#16#33#36#11#14#11#20#10#24#32#10#10#15#56#28#14#12#18#10#15#12#12#15#23#30#15#27#19#16#10#13#43#25#30#13#12#17#10#10#57#22#13#48#12#18#12#10#10#28#22#10#19#30#29#15#15#10#14#25#23#17#15#10#17#11#49#13#12#14#23#15#36#17#21#18#15#18#10#15#12#11#18#22#28#10#34#13#36#10#23#17#20#12#16#14#22#10#10#12#16#13#24#10#35#10#10#16#20#27#43#22#10#24#10#45#24#21#11#16#13#15#32#11#10#13#14#20#18#13#33#22#14#28#48#12#23#29#64#27#53#44#10#18#14#16#28#14#17#34#15#11#10#10#14#16#17#13#16#19#24#25#21#13#28#16#24#13#29#11#13#13#10#14#10#11#22#13#10#12#30#10#15#16#34#10#12#17#38#11#27#11#24#19#12#20#17#24#10#20#10#35#19#19#11#10#16#27#34#20#41#18#25#14#11#13#18#11#11#10#22#13#17#14#14#10#39#10#23#37#44#26#31#12#57#17#14#25#17#24#26#11#22#23#35#17#15#23#22#23#28#22#22#11#26#17#10#20#20#56#20#18#10#14#37#10#12#26#10#10#25#11#53#10#12#17#15#10#21#28#18#28#41#14#11#15#16#34#18#24#14#14#13#15#19#10#10#31#12#40#12#16#11#11#23#12#15#17#21#12#44#21#23#19#32#52#10#12#16#15#10#24#10#12#32#28#24#18#22#21#12#13#12#12#14#13#12#53#23#14#42#34#30#17#27#26#31#27#10#18#17#65#10#20#32#29#21#19#14#10#10#11#10#10#40#11#10#10#12#13#18#10#11#56#25#43#26#23#20#18#11#27#19#19#21#13#10#10#10#32#23#10#25#58#39#24#13#19#66#17#18#10#18#40#10#17#10#15#26#29#13#49#19#12#16#12#19#10#10#13#11#28#12#21#11#12#13#18#12#13#35#55#10#10#11#12#13#13#35#12#28#10#28#12#12#26#24#19#27#15#10#10#18#14#17#12#12#19#33#11#16#37#12#11#25#28#15#29#18#15#38#13#16#14#16#22#17#11#10#22#26#25#31#28#40#50#13#10#10#20#16#12#13#10#13#10#26#19#18#26#20#38#19#15#12#43#19#28#10#28#29#11#18#10#10#11#10#14#15#13#19#22#10#17#11#10#17#24#47#11#71#10#14#10#17#38#11#43#39#12#27#16#17#20#17#19#13#35#32#10#10#11#16#10#26#25#29#14#15#22#10#35#12#13#15#29#28#19#42#10#39#28#12#21#15#18#18#19#20#18#10#30#16#18#27#18#39#14#33#26#126#15#10#11#11#20#10#14#10#55#19#17#16#19#30#27#13#13#19#47#11#16#12#17#12#17#18#10#13#11#11#17#20#35#10#18#10#10#18#15#20#35#12#18#10#10#22#33#11#12#15#25#13#11#20#29#17#24#10#12#29#19#11#16#22#15#10#15#17#19#24#18#48#27#19#22#18#16#12#11#36#27#27#22#22#28#22#10#20#55#17#18#19#17#22#23#11#11#15#14#11#17#35#10#18#10#18#13#12#27#17#11#49#13#27#15#13#23#25#13#22#12#13#16#22#15#15#25#36#15#12#21#10#15#12#10#17#30#14#10#23#18#10#14#11#26#15#58#13#12#13#18#14#17#14#13#52#15#30#10#10#23#25#16#13#14#31#13#27#12#12#17#16#18#14#18#34#10#33#26#21#11#27#15#14#12#19#12#28#21#23#26#26#20#16#14#20#10#12#12#11#18#18#30#20#14#10#18#30#18#15#12#19#19#19#11#30#15#39#11#13#35#54#11#22#16#10#10#17#25#16#10#32#20#18#10#10#16#10#24#24#16#19#22#22#33#12#10#23#16#20#12#10#13#11#19#10#12#21#10#10#18#12#10#12#16#14#41#37#12#32#31#32#10#11#18#16#18#20#10#13#17#13#10#10#10#22#11#17#12#13#18#23#12#10#15#22#26#12#24#28#16#14#16#18#15#21#31#17#10#12#15#10#10#15#34#40#10#52#14#16#13#51#10#10#42#18#38#26#29#10#14#10#34#13#19#41#29#20#26#24#23#19#22#13#43#20#38#19#10#25#29#11#14#17#17#30#18#24#24#13#30#21#10#12#61#24#16#11#16#15#10#15#16#10#13#19#16#17#30#10#10#17#15#10#18#10#13#22#16#15#14#21#21#19#10#28#56#16#11#17#34#10#11#14#25#36#27#11#32#18#24#35#19#20#11#10#11#34#39#11#37#19#39#12#10#25#10#18#16#32#12#26#11#13#25#32#19#34#10#15#16#10#14#26#19#17#11#19#21#23#22#17#42#20#10#11#10#15#26#21#33#23#10#10#12#57#16#23#11#11#10#18#10#11#19#13#10#10#21#48#31#21#43#37#35#24#32#13#31#22#16#21#24#10#18#67#18#13#10#23#16#16#27#19#11#12#20#23#14#23#35#14#13#11#24#14#10#10#10#14#23#38#17#29#16#52#29#39#11#18#18#27#21#20#37#18#16#31#15#10#33#18#13#11#21#33#10#20#14#83#29#39#27#23#10#11#14#30#11#35#12#11#13#17#51#23#36#12#15#15#13#52#10#16#31#22#15#21#29#22#23#11#12#14#31#10#10#23#11#14#12#10#20#28#10#30#16#11#10#13#10#18#17#26#11#15#26#21#10#10#17#50#14#10#52#15#17#11#44#10#17#13#69#10#10#13#25#14#26#19#10#37#11#25#10#14#10#18#10#13#19#25#13#14#17#49#22#19#15#19#21#13#39#10#12#30#60#33#20#79#12#10#20#10#18#11#20#11#29#21#23#24#15#52#13#10#15#16#84#19#50#15#17#28#15#10#12#14#21#10#19#13#17#12#11#15#19#14#10#18#13#27#44#17#18#10#10#13#10#17#22#11#11#31#21#24#10#12#40#10#16#14#18#33#10#22#23#14#24#18#10#27#20#21#17#21#33#16#51#11#23#10#10#17#31#20#10#14#10#10#20#24#19#14#10#10#21#21#27#28#22#16#21#21#10#39#15#17#27#15#52#17#11#50#12#59#10#17#17#10#11#22#25#23#20#22#30#10#23#16#16#18#13#18#23#38#10#13#26#57#31#36#30#15#22#82#15#22#33#22#13#29#30#11#14#18#16#18#24#10#13#22#11#10#29#13#10#17#25#18#20#42#11#15#10#29#19#18#11#23#43#14#11#14#13#16#10#10#12#16#10#18#14#10#22#18#12#29#12#21#18#10#56#10#13
340,-1,9,0.7488936331349271,0.9683819414321237,56,0.5106209144819489,0.9880694576893723,0,0,0,0,
341,-1,9,0.6547062089386191,0.9540271138988663,56,0.5585940370945128,0.9896550894260844,0,0,0,0,
342,-1,9,0.6053641003518226,0.9457571410712993,56,0.7238659931863358,0.9942460996726823,0,0,0,0,
343,-1,9,0.5185908338825593,0.9296380064598524,56,0.6863250782551309,0.9933010407326462,0,0,0,0,
344,-1,9,0.4330663367159011,0.9112072330842584,56,0.606125945,0.9910993565437247,0,0,0,0,
345,-1,9,0.8855895871948707,0.9865905348325374,56,0.42446247706581225,0.9848141347930306,0,0,0,0,
346,-1,9,0.7239548385959513,0.9647446661164998,56,0.6647944023373675,0.9927358436067836,0,0,0,0,
347,-1,9,0.6771057253471381,0.9575998161204152,56,0.5051011356857057,0.9878777063669799,0,0,0,0,
348,-1,9,0.5223588465872152,0.9303861080208026,56,0.4600078839089293,0.9862294145588709,0,0,0,0,
349,-1,9,0.6242097801683726,0.9489841352152543,56,0.7293392965541599,0.9943798484061415,0,0,0,0,
350,-1,9,0.7184336072670714,0.963924369,56,0.6739677588541259,0.9929788179706726,0,0,0,0,
351,-1,9,0.4567603498883249,0.9166163500530423,56,0.3831822679312207,0.9830165072913682,0,0,0,0,
352,-1,9,0.6212952954777896,0.9484907903690011,56,0.8703356383916592,0.9975231376680436,0,0,0,0,
353,-1,9,0.6291343348119814,0.9498130977877988,56,0.4666681331654549,0.9864826040632744,0,0,0,0,
354,-1,9,0.7018128535890302,0.9614207248960364,56,0.5406864434367464,0.9890794286662794,0,0,0,0,
355,-1,9,0.6791182545978491,0.9579156467526967,56,0.5532514858131167,0.9894852665636628,0,0,0,0,
356,-1,9,0.6516189467189484,0.9535262067802109,56,0.34556843140884114,0.9812045124606834,0,0,0,0,
357,-1,9,0.5737106716670806,0.9401304149736146,56,0.5028222525780187,0.9877979394355445,0,0,0,0,
358,-1,9,0.6614585770420462,0.9551154059238892,56,0.8214315338192201,0.9964935426044071,0,0,0,0,
359,-1,9,0.8690789871790154,0.9845296628429551,56,0.650535015,0.9923515395723204,0,0,0,0,
360,-1,9,0.64520056,0.9524780380699226,56,0.5592757225781216,0.9896766432064028,0,0,0,0,
361,-1,9,0.5625365511294601,0.9380780451128535,56,0.547478463,0.9892999402322975,0,0,0,0,
362,-1,9,0.5071173765617146,0.9273299296421306,56,0.49307753640378105,0.9874527944125986,0,0,0,0,
363,-1,9,0.6859957639637897,0.9589887063106249,56,0.4561143102118586,0.9860797273916323,0,0,0,0,
364,-1,9,0.6017120658229689,0.9451214843373762,56,0.8268632293424002,0.9966108280506445,0,0,0,0,
365,-1,9,0.5310633586073721,0.9320961286641128,56,0.5174082349412973,0.9883024705456979,0,0,0,0,
366,-1,9,0.704439121,0.9618198117288552,56,0.5687116779604715,0.9899723708538485,0,0,0,0,
367,-1,9,0.5682444242949969,0.939130903,56,0.5207782934266142,0.9884170536538154,0,0,0,0,
368,-1,9,0.5993538425031976,0.9447091979201682,56,0.707497448,0.9938400994552592,0,0,0,0,
369,-1,9,0.6107452181272005,0.9466875703567454,56,0.6908880875897008,0.993418585,0,0,0,0,
370,-1,9,0.6529096292597063,0.9537358755967233,56,0.666123858,0.9927712601497989,0,0,0,0,
371,-1,9,0.7109272131717651,0.9628000995713649,56,0.603272316,0.991015841,0,0,0,0,
372,-1,9,0.6643070018933932,0.9555715328521901,56,0.6866252735744391,0.9933087973728236,0,0,0,0,
373,-1,9,0.5459939674372727,0.9349720953718581,56,0.5070692606390729,0.9879463120065384,0,0,0,0,
374,-1,9,0.51886714,0.9296930282349704,56,0.47497556241889527,0.9867934828859147,0,0,0,0,
375,-1,9,0.5281298479786103,0.9315226356376755,56,0.47316421239822015,0.9867261567067539,0,0,0,0,
376,-1,9,0.4366155597799383,0.9120339881569476,56,0.6840945186103081,0.9932433015143027,0,0,0,0,
377,-1,9,0.7652586419423563,0.9707106730261238,56,0.6372520562054014,0.9919860342617597,0,0,0,0,
378,-1,9,0.7070061696938403,0.9622086235861476,56,0.5896183179249876,0.9906107874127528,0,0,0,0,
379,-1,9,0.3768575552431811,0.8972399050078953,56,0.6288588415141433,0.9917512012957684,0,0,0,0,
380,-1,9,0.4430205416912831,0.913510961,56,0.6678401029717551,0.9928168781730375,0,0,0,0,
381,-1,9,0.6550047014976184,0.9540754328249239,56,0.6254195555384667,0.9916540834873026,0,0,0,0,
382,-1,9,0.5144084199796404,0.9288019504550701,56,0.6479127485178583,0.9922799673029362,0,0,0,0,
383,-1,9,0.5293443752490272,0.9317604149098362,56,0.5652566344279867,0.9898646510974838,0,0,0,0,
384,-1,9,0.48832006763532404,0.9234462438359785,56,0.5923545122273197,0.990692691,0,0,0,0,
385,-1,9,0.49638202399269815,0.9251279090217742,56,0.385370665,0.9831164792979233,0,0,0,0,
386,-1,9,0.6661255830519377,0.9558618393362988,56,0.45741475514769203,0.9861298616887398,0,0,0,0,
387,-1,9,0.685885972,0.9589716513387136,56,0.5168563726811991,0.9882836372300785,0,0,0,0,
388,-1,9,0.722595534,0.9645432296882015,56,0.6304912465904552,0.9917971143791333,0,0,0,0,
389,-1,9,0.792479407,0.9744878818140372,56,0.5780342292370354,0.9902598492692218,0,0,0,0,
390,-1,9,0.5864513758827428,0.9424276100927533,56,0.7649365291345473,0.995226387,0,0,0,0,
391,-1,9,0.632605233,0.9503939044950812,56,0.6970007967535299,0.9935748599644786,0,0,0,0,
392,-1,9,0.5796620311204499,0.9412090511367656,56,0.6992806839204015,0.9936328022988519,0,0,0,0,
393,-1,9,0.8137174706948389,0.9773556472989324,56,0.6760406530385717,0.9930332726068547,0,0,0,0,
394,-1,9,0.4540161328430788,0.9160028174266062,56,0.4370728325122639,0.9853291203317539,0,0,0,0,
395,-1,9,0.6206478706024802,0.9483809193509638,56,0.616999905,0.9914140996098633,0,0,0,0,
396,-1,9,0.6073801134317719,0.9461065804698551,56,0.5407685956278442,0.9890821120600697,0,0,0,0,
397,-1,9,0.7273667390667997,0.9652488010834835,56,0.5817309752597895,0.9903725863720173,0,0,0,0,
398,-1,9,0.47179620056544525,0.9199209156349334,56,0.5348351811774329,0.9888872674899705,0,0,0,0,
399,-1,9,0.8562227376048782,0.9829006892839661,56,0.7118408066337494,0.9939487228413127,0,0,0,0,
400,-1,9,0.5058226876361201,0.927066574,56,0.5217106473378608,0.9884486253991402,0,0,0,0,
401,-1,9,0.5531560006949733,0.9363269295195595,56,0.522669256,0.9884810284523347,0,0,0,0,
402,-1,9,0.5209705200738151,0.9301110293381671,56,0.5942184867506262,0.990748274,0,0,0,0,
403,-1,9,0.798269566,0.9752764338389055,56,0.388289125,0.9832489384333635,0,0,0,0,
404,-1,9,0.6354128170560776,0.9508616461389863,56,0.6098817776124293,0.9912086903411361,0,0,0,0,
405,-1,9,0.750743696,0.96864746,56,0.790219134,0.9958044512365773,0,0,0,0,
406,-1,9,0.6390642243201741,0.951467228,56,0.7090019283094632,0.9938777990735054,0,0,0,0,
407,-1,9,0.8704001458020613,0.9846958466739767,56,0.4362530487120538,0.9852960880072976,0,0,0,0,
408,-1,9,0.7477202280306938,0.9682132338373517,56,0.516009485,0.9882546971969561,0,0,0,0,
409,-1,9,0.6450240533185987,0.9524490825013351,56,0.5758774024620223,0.9901937464678975,0,0,0,0,
410,-1,9,0.6713112877330598,0.9566857998328526,56,0.5839586858004077,0.9904401840447162,0,0,0,0,
411,-1,9,0.5134070640120095,0.9286008851834734,56,0.6737788075073314,0.9929738460679111,0,0,0,0,
412,-1,9,0.4071674196852975,0.9049851370050848,56,0.3866767345501206,0.983175879,0,0,0,0,
413,-1,9,0.6309478163223615,0.9501169131022825,56,0.5348476655793248,0.9888876796838639,0,0,0,0,
414,-1,9,0.6927002696009812,0.9600256073742423,56,0.6508164069755124,0.9923592030571314,0,0,0,0,
415,-1,9,0.5665923224604635,0.9388271310002712,56,0.5565100467384586,0.9895890364877613,0,0,0,0,
416,-1,9,0.7328088668671571,0.9660485842826441,56,0.6390162859868669,0.9920350089495349,0,0,0,0,
417,-1,9,0.5858247654776596,0.9423156721266632,56,0.47417041515442465,0.9867635875059951,0,0,0,0,
418,-1,9,0.6111357186869693,0.9467548064343017,56,0.6149920020130571,0.9913563937704453,0,0,0,0,
419,-1,9,0.4709694999833633,0.919741673,56,0.5732442323913726,0.9901127141902768,0,0,0,0,
420,-1,9,0.4563981426347483,0.9165355583153602,56,0.41932138868336455,0.9845998564804536,0,0,0,0,
421,-1,9,0.5474399666536517,0.9352469010577704,56,0.5999562276625573,0.9909183010842001,0,0,0,0,
422,-1,9,0.6281797286310576,0.9496528582971288,56,0.6955203058389762,0.9935371341658209,0,0,0,0,
423,-1,9,0.5751443227477696,0.9403911589493309,56,0.7083930122786728,0.9938625501852169,0,0,0,0,
424,-1,9,0.8309522161580333,0.9796343516632163,56,0.6149133619326644,0.9913541299418648,0,0,0,0,
425,-1,9,0.5399343480993497,0.9338134098376946,56,0.7454959840422339,0.9947689880062002,0,0,0,0,
426,-1,9,0.6536858756130327,0.9538617979230392,56,0.7708150835829133,0.9953624515421384,0,0,0,0,
427,-1,9,0.5739878822467902,0.9401808775267595,56,0.551306676,0.9894230470421492,0,0,0,0,
428,-1,9,0.7673368217878185,0.9710032220038014,56,0.8966569475997564,0.9980540042272735,0,0,0,0,
429,-1,9,0.4654086335175264,0.9185286669755655,56,0.4426195687365296,0.9855510342880016,0,0,0,0,
430,-1,9,0.7820695075309112,0.9730572046854817,56,0.5099626413128083,0.9880466971741328,0,0,0,0,
431,-1,9,0.6822757600312334,0.9584094884144265,56,0.8206167651040173,0.9964758838094948,0,0,0,0,
432,-1,9,0.6243801117529428,0.9490129044556901,56,0.5937308004893296,0.9907337477088658,0,0,0,0,
433,-1,9,0.5305849233805858,0.9320027884137677,56,0.7704139510855426,0.995353199,0,0,0,0,
434,-1,9,0.6153130312118307,0.9474716734792965,56,0.6467969050768622,0.9922494250904144,0,0,0,0,
435,-1,9,0.7199534883321442,0.964150738,56,0.63070002,0.9918029779307075,0,0,0,0,
436,-1,9,0.7028468721267029,0.9615780122336699,56,0.6343417455631426,0.9919049528166403,0,0,0,0,
437,-1,9,0.6047500549779105,0.9456505018930697,56,0.8183629106325843,0.996426945,0,0,0,0,
438,-1,9,0.6488940847728181,0.9530823432632047,56,0.607571265,0.9911415089580627,0,0,0,0,
439,-1,9,0.6781910072941553,0.9577702352968891,56,0.6623663165323573,0.9926709797932536,0,0,0,0,
440,-1,9,0.61687462,0.947738547,56,0.782008911,0.9956187482463532,0,0,0,0,
441,-1,9,0.4916586322235799,0.924145616,56,0.7111914129633367,0.9939325235596115,0,0,0,0,
442,-1,9,0.7108399810222504,0.9627869724730557,56,0.4668814221695104,0.986490653,0,0,0,0,
443,-1,9,0.737333045,0.9667094553857954,56,0.6111507171891402,0.9912454802749503,0,0,0,0,
444,-1,9,0.519030081,0.9297254629278436,56,0.41018540510751567,0.9842126262579198,0,0,0,0,
445,-1,9,0.709349979,0.9625625286592426,56,0.6422131311960388,0.992123415,0,0,0,0,
446,-1,9,0.6686614932102342,0.9562654816471253,56,0.52438569,0.9885389021401568,0,0,0,0,
447,-1,9,0.6747715639040337,0.9572324642328666,56,0.6236267038566248,0.9916032491484341,0,0,0,0,
448,-1,9,0.7303936988382846,0.9656943014579753,56,0.5247310361543616,0.9885505238270598,0,0,0,0,
449,-1,9,0.5698522227824191,0.9394257752413008,56,0.603303147,0.9910167449192924,0,0,0,0,
450,-1,9,0.4334376396516129,0.9112940057964313,56,0.563315829,0.9898038575661747,0,0,0,0,
451,-1,9,0.7090532269299133,0.9625177778982796,56,0.6627153815871539,0.9926803190661363,0,0,0,0,
452,-1,9,0.7016227734689069,0.9613917888868477,56,0.7294201519478956,0.9943818168363793,0,0,0,0,
453,-1,9,0.6662547325751802,0.9558824291249233,56,0.5239965622541897,0.9885257980955324,0,0,0,0,
454,-1,9,0.8333984286938555,0.9799543679553849,56,0.6419241545600373,0.9921154417436382,0,0,0,0,
455,-1,9,0.5607594699871652,0.9377483112732143,56,0.6627369520625371,0.9926808960280012,0,0,0,0,
456,-1,9,0.6432758922879365,0.952161919,56,0.5186129121124683,0.988343514,0,0,0,0,
457,-1,9,0.6701269016616243,0.9564981116423137,56,0.7005909763464274,0.9936660189070468,0,0,0,0,
458,-1,9,0.6078372577205825,0.9461856747453201,56,0.8179323675186821,0.9964175817608267,0,0,0,0,
459,-1,9,0.4154060131030051,0.9070016696485261,56,0.5354049118777858,0.9889060685064132,0,0,0,0,
460,-1,9,0.6315269451347884,0.950213772,56,0.6392067473682529,0.9920402881775111,0,0,0,0,
461,-1,9,0.827737128,0.9792124742357007,56,0.7327981360976532,0.9944638631792815,0,0,0,0,
462,-1,9,0.6589789374426783,0.9547169099468865,56,0.7042474894519369,0.9937583917515549,0,0,0,0,
463,-1,9,0.2612806230311623,0.8614580499820593,56,0.5285203236188665,0.9886775508556525,0,0,0,0,
464,-1,9,0.7413679225840072,0.9672958179343906,56,0.6298521393040999,0.9917791527470641,0,0,0,0,
465,-1,9,0.5848740009239152,0.9421456236960035,56,0.6483935495101296,0.9922931115832705,0,0,0,0,
466,-1,9,0.6375068938703816,0.9512093233230018,56,0.27126558098919684,0.9769718449102197,0,0,0,0,
467,-1,9,0.6687263138606298,0.9562757813413015,56,0.6732390677861371,0.992959636,0,0,0,0,
468,-1,9,0.6884379590669263,0.9593674485436955,56,0.8531223873749557,0.9971673719290285,0,0,0,0,
469,-1,9,0.6068112832430818,0.9460080885823564,56,0.7632922205644177,0.9951881440356662,0,0,0,0,
470,-1,9,0.6271816652837593,0.9494850924973293,56,0.4738760702135884,0.9867526459362478,0,0,0,0,
471,-1,9,0.5526973524969031,0.9362406362022825,56,0.4074338146762723,0.9840943386797988,0,0,0,0,
472,-1,9,0.4303144088545554,0.9105620440121789,56,0.3697592248517585,0.9823907581187205,0,0,0,0,
473,-1,9,0.6594868377445264,0.954798642,56,0.7290926166280126,0.994373842,0,0,0,0,
474,-1,9,0.8089053530099819,0.9767117494916236,56,0.4358412120069795,0.98527947,0,0,0,0,
475,-1,9,0.8091440532791614,0.9767437695523046,56,0.43909627132726836,0.9854103929238123,0,0,0,0,
476,-1,9,0.7377067972117342,0.9667638900821163,56,0.8248942753630449,0.9965684005149016,0,0,0,0,
477,-1,9,0.7316856612684508,0.9658839497113874,56,0.57062201,0.9900316547142123,0,0,0,0,
478,-1,9,0.5566472267752658,0.9369817167975927,56,0.7493006295154198,0.9948594189310573,0,0,0,0,
479,-1,9,0.5064795699682274,0.9272002669103206,56,0.6745521645520118,0.9929941868576008,0,0,0,0,
480,-1,9,0.5172982096478773,0.9293802554214372,56,0.7128019837987073,0.9939726730171805,0,0,0,0,
481,-1,9,0.8144668604774746,0.9774556165757007,56,0.3573803942176065,0.9817935881236266,0,0,0,0,
482,-1,9,0.7036711615208321,0.9617032498367897,56,0.44336197131587646,0.9855805288863041,0,0,0,0,
483,-1,9,0.6271716947714167,0.9494834153437589,56,0.5592788444947067,0.9896767418569345,0,0,0,0,
484,-1,9,0.7614345656393251,0.9701705009733443,56,0.570931485,0.9900412403837515,0,0,0,0,
485,-1,9,0.39107370978714046,0.9009390315610855,56,0.7031654986998465,0.9937311070696189,0,0,0,0,
486,-1,9,0.7851853813004414,0.9734871988806346,56,0.6028770145401882,0.9910042408073565,0,0,0,0,
487,-1,9,0.5863615368909966,0.9424115677451609,56,0.5951916074240287,0.990777224,0,0,0,0,
488,-1,9,0.575641984,0.9404815355463264,56,0.3712531418950156,0.9824614946055072,0,0,0,0,
489,-1,9,0.68230966,0.9584147793527615,56,0.6101201,0.9912156056764975,0,0,0,0,
490,-1,9,0.6054669215511775,0.945774988,56,0.3071810254697573,0.9791434619053317,0,0,0,0,
491,-1,9,0.4861671658996675,0.9229929902361299,56,0.5321975958090881,0.9887999705073011,0,0,0,0,
492,-1,9,0.6887397636175696,0.9594141702657818,56,0.7642459792980552,0.9952103361411996,0,0,0,0,
493,-1,9,0.608333696,0.9462715077171073,56,0.5604761846920359,0.989714537,0,0,0,0,
494,-1,9,0.5419739684409529,0.9342046991234046,56,0.4701169785596677,0.9866123206941485,0,0,0,0,
495,-1,9,0.5801767726060026,0.9413018807546373,56,0.5002352039762478,0.9877069544307042,0,0,0,0,
496,-1,9,0.6871941259311055,0.9591747010329786,56,0.49963560343288776,0.9876858008636886,0,0,0,0,
497,-1,9,0.5439007769931475,0.9345731456358247,56,0.6742951476836448,0.9929874293578401,0,0,0,0,
498,-1,9,0.6326545346494583,0.9504021340408692,56,0.7253345645579719,0.9942820837554923,0,0,0,0,
499,-1,9,0.5250304310202075,0.9309136238744504,56,0.6917585832773038,0.9934409221990994,0,0,0,0,
500,-1,9,0.5471462541153764,0.9351911345644877,56,0.5509011085987086,0.9894100447294214,0,0,0,0,
501,-1,9,0.7085750648154846,0.9624456351342303,56,0.2555986320991317,0.9759345383138484,0,0,0,0,
502,-1,9,0.7336288466740464,0.9661686317546105,56,0.6810819681338963,0.9931650258543758,0,0,0,0,
503,-1,9,0.5965328842510124,0.9442141135386299,56,0.5897098692100037,0.9906135338861092,0,0,0,0,
504,-1,9,0.5580763309286311,0.9372486959859985,56,0.5548245567970435,0.9895354362466988,0,0,0,0,
505,-1,9,0.650483509,0.9533414517401565,56,0.7299669233624946,0.9943951224030211,0,0,0,0,
506,-1,9,0.6876719995816645,0.9592487901918769,56,0.5816724207402849,0.9903708061659224,0,0,0,0,
507,-1,9,0.7401250378750344,0.967115501,56,0.7451545677105064,0.9947608508831342,0,0,0,0,
508,-1,9,0.5468667175120036,0.9351380349021519,56,0.3225621716478308,0.9799981140050867,0,0,0,0,
509,-1,9,0.4969556989521368,0.9252466460434183,56,0.6003192397302755,0.9909290044978535,0,0,0,0,
510,-1,9,0.4877485451998694,0.9233260938190407,56,0.7036570021992078,0.9937435064758613,0,0,0,0,
511,-1,9,0.6580355045255262,0.9545649433645387,56,0.5163417518427622,0.9882660570424617,0,0,0,0,
512,-1,9,0.6361272656971237,0.9509803795474281,56,0.6195501225020646,0.9914871258820004,0,0,0,0,
513,-1,9,0.36549595963827036,0.8941932719100784,56,0.2041899359477312,0.9720289159283304,0,0,0,0,
514,-1,9,0.5370204465694988,0.933252109,56,0.7140003032433978,0.9940024878129299,0,0,0,0,
515,-1,9,0.7356163477078539,0.9664591136345905,56,0.7042400597898024,0.9937582045373536,0,0,0,0,
516,-1,9,0.6584782492011143,0.9546362840303385,56,0.7350006733320913,0.9945171597991274,0,0,0,0,
517,-1,9,0.49630139432403675,0.925111211,56,0.5860419898724337,0.9905031710614285,0,0,0,0,
518,-1,9,0.8485061695840065,0.9819124763290463,56,0.6656476238915183,0.9927585813086386,0,0,0,0,
519,-1,9,0.754575075,0.9691954886732116,56,0.6494403181900594,0.9923216953797531,0,0,0,0,
520,-1,9,0.5986723987290661,0.9445897930813578,56,0.764756708,0.9952222086248684,0,0,0,0,
521,-1,9,0.539962647,0.9338188477147713,56,0.5558364328390618,0.989567634,0,0,0,0,
522,-1,9,0.42512804435431734,0.9093360677615873,56,0.49944672152601194,0.9876791320528204,0,0,0,0,
523,-1,9,0.8286950708256571,0.9793383256633895,56,0.7085152560464005,0.9938656125290974,0,0,0,0,
524,-1,9,0.6428794286703655,0.9520966976103876,56,0.7910088490724907,0.9958222134030555,0,0,0,0,
525,-1,9,0.3547422943652101,0.8912310938958844,56,0.6461076796004228,0.9922305341499923,0,0,0,0,
526,-1,9,0.5593744915694747,0.9374906866461183,56,0.5159006828313043,0.9882509757904094,0,0,0,0,
527,-1,9,0.5462457588054459,0.935019994,56,0.6763568651745124,0.9930415650357969,0,0,0,0,
528,-1,9,0.5525133952857435,0.9362060073049415,56,0.5623009153585828,0.989771985,0,0,0,0,
529,-1,9,0.7400209476435985,0.9671003869233431,56,0.7787775351099976,0.9955451337104865,0,0,0,0,
530,-1,9,0.5570945687378467,0.9370653527735806,56,0.629214193,0.9917612058814328,0,0,0,0,
531,-1,9,0.781511273,0.9729800068727925,56,0.5342330341779737,0.9888673753484402,0,0,0,0,
532,-1,9,0.6244750076141581,0.9490289294721679,56,0.6260213477592932,0.9916711145661571,0,0,0,0,
533,-1,9,0.6840850686880288,0.958691554,56,0.598211282,0.990866762,0,0,0,0,
534,-1,9,0.5356655289409783,0.9329901908373394,56,0.7372219713106103,0.9945707517551504,0,0,0,0,
535,-1,9,0.7153766886836531,0.9634677856431719,56,0.5850184285253335,0.990472252,0,0,0,0,
536,-1,9,0.41266917465583514,0.9063357573003006,56,0.6505436507753429,0.9923517748088723,0,0,0,0,
537,-1,9,0.765015768,0.9706764371778759,56,0.6891849193621362,0.9933748001983568,0,0,0,0,
538,-1,9,0.6818515230387472,0.9583432549856595,56,0.5599255501278193,0.9896971656828207,0,0,0,0,
539,-1,9,0.6904359711474197,0.959676418,56,0.4950117078714513,0.98752183,0,0,0,0,
540,-1,9,0.6742819921472772,0.9571552718269192,56,0.4518348827403726,0.9859137515858384,0,0,0,0,
541,-1,9,0.48448302765534995,0.9226371806908061,56,0.5129502350977653,0.9881497657385174,0,0,0,0,
542,-1,9,0.8180097428015888,0.9779271361279707,56,0.7371288733583432,0.9945685088213868,0,0,0,0,
543,-1,9,0.6345451317602734,0.9507172868243022,56,0.46944725380421065,0.9865872045523904,0,0,0,0,
544,-1,9,0.6379982402983472,0.9512907539515252,56,0.38077459255290336,0.9829058681307298,0,0,0,0,
545,-1,9,0.8179899650384047,0.9779245089629632,56,0.5913068944866782,0.9906613762582923,0,0,0,0,
546,-1,9,0.7750062389104913,0.9720767987278606,56,0.36514371430237275,0.9821704284382948,0,0,0,0,
547,-1,9,0.5725933505797612,0.9399268013317212,56,0.5109590746098519,0.988081139,0,0,0,0,
548,-1,9,0.7085796683283881,0.9624463298960492,56,0.5072882746138347,0.9879539303011148,0,0,0,0,
549,-1,9,0.5104836644597396,0.9280118861862126,56,0.5942645064453022,0.9907496437787385,0,0,0,0,
550,-1,9,0.7040733378042946,0.9617643067697798,56,0.7338357723111164,0.9944889912955497,0,0,0,0,
551,-1,9,0.7402318943146949,0.9671310137990193,56,0.8300715133577552,0.9966797488859572,0,0,0,0,
552,-1,9,0.7331790879731819,0.9661028005260198,56,0.7246978421894149,0.9942664910813215,0,0,0,0,
553,-1,9,0.771707323,0.9716161740477958,56,0.5676233862774702,0.9899385100978467,0,0,0,0,
554,-1,9,0.49626653907769114,0.9251039916531086,56,0.5919515119311589,0.9906806512377201,0,0,0,0,
555,-1,9,0.7470911457099889,0.96812269,56,0.8185479483808962,0.9964309680626278,0,0,0,0,
556,-1,9,0.7166671153561612,0.9636607358792296,56,0.7457166758184207,0.9947742459013961,0,0,0,0,
557,-1,9,0.8040149114159274,0.976053873,56,0.7450774273630473,0.9947590118567499,0,0,0,0,
558,-1,9,0.8822128204843116,0.9861718375668777,56,0.47233680401273015,0.9866953184477444,0,0,0,0,
559,-1,9,0.46526051306489596,0.9184961812748457,56,0.600074974,0.9909218030096136,0,0,0,0,
560,-1,9,0.815750747,0.9776266983116113,56,0.4555142494926037,0.9860565467083735,0,0,0,0,
561,-1,9,0.5200560349808573,0.9299294799347445,56,0.7799001180850208,0.9955707414194643,0,0,0,0,
562,-1,9,0.5066778847936594,0.9272405988141428,56,0.6844851585226479,0.9932534267785487,0,0,0,0,
563,-1,9,0.7987564725694409,0.9753425128542574,56,0.6210934993728822,0.9915311777024267,0,0,0,0,
564,-1,9,0.6373007869364055,0.9511751487011222,56,0.33548318240033237,0.9806856825481634,0,0,0,0,
565,-1,9,0.6478577498059129,0.9529130955849591,56,0.7216741401345109,0.9941922595898952,0,0,0,0,
566,-1,9,0.4723891154330632,0.9200492974282629,56,0.7004920066687641,0.9936635121043269,0,0,0,0,
567,-1,9,0.805375951,0.9762373207484657,56,0.6552347121838659,0.9924791072307452,0,0,0,0,
568,-1,9,0.5669530540719107,0.9388935257565393,56,0.7066597143583213,0.9938190731815265,0,0,0,0,
569,-1,9,0.693881846,0.9602074216023894,56,0.41479637947870823,0.9844091102252932,0,0,0,0,
570,-1,9,0.749656835,0.9684915455008484,56,0.6426094253320153,0.9921343444985405,0,0,0,0,
571,-1,9,0.8340475972103344,0.9800391527186861,56,0.5570305134248966,0.9896055556263382,0,0,0,0,
572,-1,9,0.730232669,0.9656706428862385,56,0.7979243164266175,0.9959770152648354,0,0,0,0,
573,-1,9,0.7483108865891857,0.9682981858065358,56,0.6721832820898648,0.9929318081025443,0,0,0,0,
574,-1,9,0.6524220562421991,0.9536567136647311,56,0.5724286629692145,0.9900875419739884,0,0,0,0,
575,-1,9,0.5824424778649953,0.9417096147360086,56,0.6236963243353019,0.9916052258377172,0,0,0,0,
576,-1,9,0.5407186562625732,0.9339640300173747,56,0.31161996786502194,0.9793943499042937,0,0,0,0,
577,-1,9,0.6745836898160587,0.9572028473893603,56,0.7479263003990362,0.9948268052510661,0,0,0,0,
578,-1,9,0.6330203302964792,0.9504631755447778,56,0.33187518390480314,0.9804963429959427,0,0,0,0,
579,-1,9,0.8047867692743335,0.9761579418953941,56,0.7816616430694603,0.9956108514199928,0,0,0,0,
580,-1,9,0.37889654801577677,0.8977780043857183,56,0.829581135,0.996669231,0,0,0,0,
581,-1,9,0.3222969182681603,0.8817831482410149,56,0.6888561420650069,0.9933663358617151,0,0,0,0,
582,-1,9,0.46158989377325343,0.9176881917732337,56,0.794306523,0.9958961965093217,0,0,0,0,
583,-1,9,0.8646877236884626,0.9839756831524548,56,0.8392974783414522,0.9968764941765395,0,0,0,0,
584,-1,9,0.7180128260365836,0.9638616237491838,56,0.5848805777918473,0.9904680838824842,0,0,0,0,
585,-1,9,0.7451755052384217,0.9678465534567857,56,0.5377987511494646,0.9889848506640253,0,0,0,0,
586,-1,9,0.5145268754896901,0.9288257124754619,56,0.7574797170144794,0.9950523068180984,0,0,0,0,
587,-1,9,0.4659618713658768,0.9186499216024379,56,0.40930921972284134,0.984175045,0,0,0,0,
588,-1,9,0.7599081854678473,0.9699542177020894,56,0.6534004437361846,0.9924294254597881,0,0,0,0,
589,-1,9,0.5081389101229583,0.9275373003527455,56,0.5312532141479039,0.9887686106715547,0,0,0,0,
590,-1,9,0.3442302800477753,0.8882573004484845,56,0.49112337497297365,0.9873827747266039,0,0,0,0,
591,-1,9,0.5933087891705766,0.9436457228527093,56,0.6302921588534695,0.9917915210855662,0,0,0,0,
592,-1,9,0.7439528809759166,0.9676699840975727,56,0.5128294445792275,0.9881456100538734,0,0,0,0,
593,-1,9,0.5023964209023336,0.9263667285932576,56,0.6432757278039073,0.9921527050513185,0,0,0,0,
594,-1,9,0.7777583869312918,0.972459747,56,0.46384490650243726,0.9863757151931899,0,0,0,0,
595,-1,9,0.6224263456510172,0.9486824908876244,56,0.6711563501057382,0.9929046992334446,0,0,0,0,
596,-1,9,0.5128660362417964,0.9284921054994879,56,0.8248990537480873,0.9965685036011424,0,0,0,0,
597,-1,9,0.8283116377578487,0.9792879669789666,56,0.6020842861653831,0.9909809564773059,0,0,0,0,
598,-1,9,0.4759636812086143,0.9208202646293919,56,0.5683791437043934,0.9899620312470375,0,0,0,0,
599,-1,9,0.4240934121227397,0.9090899072565056,56,0.7485547033134728,0.9948417249380507,0,0,0,0,
600,-1,9,0.6611788524913687,0.9550705186827344,56,0.8109617688619117,0.9962653062612841,0,0,0,0,
601,-1,9,0.6578204594638184,0.954530277,56,0.6105803573344144,0.9912289533167263,0,0,0,0,
602,-1,9,0.6294652305121239,0.9498685912579635,56,0.7665586726588294,0.9952640352618223,0,0,0,0,
603,-1,9,0.7775745279788815,0.972434202,56,0.7435470436160915,0.9947224887912682,0,0,0,0,
604,-1,9,0.5686051347507508,0.9391971218660403,56,0.5043683848318994,0.987852097,0,0,0,0,
605,-1,9,0.5767739537536204,0.9406868459229191,56,0.6324566989608894,0.9918522401025601,0,0,0,0,
606,-1,9,0.6843244167058695,0.9587288178601875,56,0.6127056995835658,0.9912904611896901,0,0,0,0,
607,-1,9,0.5572319802467288,0.9370910315277795,56,0.7098909604068759,0.9939000397351517,0,0,0,0,
608,-1,9,0.841837088,0.9810519517566202,56,0.6961048604374515,0.9935520391720875,0,0,0,0,
609,-1,9,0.5663707187464309,0.9387863249108446,56,0.7691753578964604,0.9953246013312409,0,0,0,0,
610,-1,9,0.5197605203135842,0.9298707518127829,56,0.48997191682607316,0.9873413885241417,0,0,0,0,
611,-1,9,0.5238336667410705,0.9306776133332801,56,0.5738812424769579,0.9901323507924306,0,0,0,0,
612,-1,9,0.8367774791457457,0.9803950486497145,56,0.40484350652451084,0.9839822652797383,0,0,0,0,
613,-1,9,0.5505114939205871,0.935828497,56,0.6355149361773852,0.9919376818506466,0,0,0,0,
614,-1,9,0.7474719330951248,0.9681775047978528,56,0.6885633784977474,0.9933587953544651,0,0,0,0,
615,-1,9,0.3398051555667263,0.8869812522261217,56,0.6767579415088615,0.9930520774895338,0,0,0,0,
616,-1,9,0.5411949313192118,0.9340554001320052,56,0.7781899049500115,0.995531715,0,0,0,0,
617,-1,9,0.884407314,0.9864441022740857,56,0.6538667305572087,0.9924420679658529,0,0,0,0,
618,-1,9,0.7191719476071575,0.9640343894671405,56,0.6646119119146091,0.9927309766560548,0,0,0,0,
619,-1,9,0.43067773638696283,0.9106474358848996,56,0.698924112,0.9936237524306105,0,0,0,0,
620,-1,9,0.591376677,0.9433037848425064,56,0.6049014318460352,0.9910635666142192,0,0,0,0,
621,-1,9,0.7320556587229198,0.9659382071198052,56,0.5037195073428374,0.9878293880190054,0,0,0,0,
622,-1,9,0.4587903176754298,0.9170680911021439,56,0.7872483155795937,0.9957374754803656,0,0,0,0,
623,-1,9,0.5193586426277745,0.9297908383459312,56,0.776260963,0.9954875951422247,0,0,0,0,
624,-1,9,0.7784348836729819,0.9725536939502571,56,0.6088431680715125,0.9911785222957421,0,0,0,0,
625,-1,9,0.5189892460840644,0.9297173352649075,56,0.7301169663620047,0.9943987719560715,0,0,0,0,
626,-1,9,0.5754642409064494,0.9404492649174339,56,0.6673277786264166,0.992803273,0,0,0,0,
627,-1,9,0.6434739852290353,0.9521944942090784,56,0.5844908629609078,0.9904562949539094,0,0,0,0,
628,-1,9,0.8137391511803528,0.9773585406447053,56,0.6914357608470786,0.9934326415818614,0,0,0,0,
629,-1,9,0.7732141425052708,0.9718267866490518,56,0.7851185065079227,0.9956893069514193,0,0,0,0,
630,-1,9,0.5169142647547247,0.9293035860050731,56,0.42573845831041585,0.9848669222717745,0,0,0,0,
631,-1,9,0.715162721,0.9634357624012017,56,0.6311840741037817,0.9918165655894301,0,0,0,0,
632,-1,9,0.7192115780159741,0.9640402919562512,56,0.7257810648594928,0.99429301,0,0,0,0,
633,-1,9,0.7717015177680447,0.9716153619758667,56,0.6242045070871721,0.9916196477816982,0,0,0,0,
634,-1,9,0.5114346063062496,0.928203808,56,0.8590620268149185,0.9972909234844121,0,0,0,0,
635,-1,9,0.6695536256337392,0.9564071593775961,56,0.7979715404234543,0.9959780678317343,0,0,0,0,
636,-1,9,0.7134208064489928,0.9631747429324895,56,0.5150430319951652,0.9882216142775404,0,0,0,0,
637,-1,9,0.7533749233122187,0.9690240890850536,56,0.6985997073101227,0.9936155150323279,0,0,0,0,
638,-1,9,0.4457860681121453,0.9141428244503055,56,0.8308716075068078,0.9966968958685276,0,0,0,0,
639,-1,9,0.6922016096182075,0.9599487937139306,56,0.6467990086228258,0.9922494827161136,0,0,0,0,
640,-1,9,0.6115501372088917,0.9468261189317593,56,0.6334799783642685,0.9918808738085004,0,0,0,0,
641,-1,9,0.6578184428110206,0.9545299520263031,56,0.8396350713300632,0.9968836530561489,0,0,0,0,
642,-1,9,0.7924769783334695,0.97448755,56,0.7406700589625088,0.9946536283929936,0,0,0,0,
643,-1,9,0.6799428142590522,0.9580448065029151,56,0.660613133,0.9926239999503068,0,0,0,0,
644,-1,9,0.5724055719968195,0.9398925470717783,56,0.6663219770234966,0.9927765320606651,0,0,0,0,
645,-1,9,0.6273846220128628,0.9495192269771497,56,0.6308434175104103,0.9918070042391889,0,0,0,0,
646,-1,9,0.577877195,0.9408866012183731,56,0.6300069211883108,0.9917835044181684,0,0,0,0,
647,-1,9,0.5480638296981086,0.9353652642486938,56,0.4673625425594439,0.9865087974523029,0,0,0,0,
648,-1,9,0.6502304576429019,0.9533002369091416,56,0.4924786378896931,0.9874313642480793,0,0,0,0,
649,-1,9,0.6079839356707559,0.9462110414936994,56,0.667395033,0.9928050592089531,0,0,0,0,
650,-1,9,0.6022316749373928,0.945212134,56,0.5219112890194778,0.9884554123628453,0,0,0,0,
651,-1,9,0.5390392769335693,0.9336412806970609,56,0.6154078401569726,0.9913683598662356,0,0,0,0,
652,-1,9,0.6307655804914353,0.9500864179626998,56,0.7279657888608927,0.9943463774808534,0,0,0,0,
653,-1,9,0.6624071806735167,0.9552675022842793,56,0.7043887200677428,0.99376195,0,0,0,0,
654,-1,9,0.6862514165740858,0.9590284097251623,56,0.49490787152199905,0.9875181305202725,0,0,0,0,
655,-1,9,0.8178952420949014,0.9779119257257654,56,0.7526425365761623,0.9949384799716434,0,0,0,0,
656,-1,9,0.5807870627861118,0.9414118470285905,56,0.5754209746090397,0.9901797266186906,0,0,0,0,
657,-1,9,0.5073621804428389,0.9273796584919962,56,0.3338566258380042,0.980600573,0,0,0,0,
658,-1,9,0.6333353667167252,0.9505157215676618,56,0.8182385942790822,0.9964242421447909,0,0,0,0,
659,-1,9,0.5845748192606489,0.9420920629104547,56,0.6822197362472376,0.9931946285827286,0,0,0,0,
660,-1,9,0.5989803667001012,0.9446437712048883,56,0.6220335832473529,0.991557957,0,0,0,0,
661,-1,9,0.8268447495487589,0.9790951198240739,56,0.4855745378586102,0.9871824521741089,0,0,0,0,
662,-1,9,0.7022204424111965,0.9614827489065941,56,0.803808262,0.9961076926181541,0,0,0,0,
663,-1,9,0.6159170588921132,0.9475749722253889,56,0.5689127148154027,0.9899786188852501,0,0,0,0,
664,-1,9,0.6501279160298951,0.9532835317557068,56,0.4945625450670137,0.987505822,0,0,0,0,
665,-1,9,0.8305934230024365,0.9795873435355792,56,0.7729323728273997,0.9954112086647073,0,0,0,0,
666,-1,9,0.6956521128515956,0.9604793056630941,56,0.5500943461195513,0.9893841522974064,0,0,0,0,
667,-1,9,0.6869965636114029,0.9591440577436128,56,0.7379288140107902,0.9945877720768262,0,0,0,0,
668,-1,9,0.7921483738296698,0.9744426443818867,56,0.4410732077075382,0.9854894432461601,0,0,0,0,
669,-1,9,0.7954850442547498,0.9748978513560412,56,0.6282103907220046,0.9917329304534238,0,0,0,0,
670,-1,9,0.4061043266749592,0.9047222908178371,56,0.6557485008325561,0.9924929988789883,0,0,0,0,
671,-1,9,0.5907680518912833,0.9431958669098321,56,0.4062607113157929,0.98404367,0,0,0,0,
672,-1,9,0.7346741005239397,0.9663214872124929,56,0.5518814219719381,0.9894414570731956,0,0,0,0,
673,-1,9,0.5372757487858523,0.933301396,56,0.3016139855859909,0.9788237323869162,0,0,0,0,
674,-1,9,0.723731501,0.964711593,56,0.8225888803104918,0.9965185966683819,0,0,0,0,
675,-1,9,0.3714172447435171,0.8957914150389479,56,0.6245908249406567,0.9916306035545024,0,0,0,0,
676,-1,9,0.657882883,0.9545403410706162,56,0.43155586963648906,0.9851056366814313,0,0,0,0,
677,-1,9,0.35323862258957794,0.8908105537303743,56,0.7294208013304001,0.9943818326447744,0,0,0,0,
678,-1,9,0.6491096384143075,0.9531175159345108,56,0.7103642168393249,0.9939118679014366,0,0,0,0,
679,-1,9,0.6427936123485428,0.9520825753347544,56,0.5285240166811831,0.9886776742201232,0,0,0,0,
680,-1,9,0.5794773913479677,0.9411757349354153,56,0.5734677841394366,0.9901196078815498,0,0,0,0,
681,-1,9,0.6692110652668409,0.9563527779214434,56,0.7888854766479818,0.9957744151801157,0,0,0,0,
682,-1,9,0.6887354021617746,0.9594134952076715,56,0.4144404965690337,0.9843940218382116,0,0,0,0,
683,-1,9,0.7422727791272261,0.9674269253548762,56,0.5929168751278792,0.9907094784528886,0,0,0,0,
684,-1,9,0.44678002703245673,0.9143690718038714,56,0.5665893937150135,0.9899062796665844,0,0,0,0,
685,-1,9,0.72640887,0.9651074810821323,56,0.3247299249255746,0.9801153347162345,0,0,0,0,
686,-1,9,0.6802927210760117,0.9580995741416607,56,0.6907466205623977,0.9934149519478027,0,0,0,0,
687,-1,9,0.4585025593038077,0.917004163,56,0.8358626543550628,0.9968034952977486,0,0,0,0,
688,-1,9,0.6576640056984767,0.95450505,56,0.32664448370215066,0.9802182266217405,0,0,0,0,
689,-1,9,0.4792202471156446,0.9215181778610834,56,0.7412863844466331,0.9946684021780573,0,0,0,0,
690,-1,9,0.5689496770515814,0.9392603381678566,56,0.6777239055190731,0.993077371,0,0,0,0,
691,-1,9,0.5658055387096926,0.9386821884152727,56,0.6157489891385183,0.9913781707896001,0,0,0,0,
692,-1,9,0.7118985632268399,0.9629461761769678,56,0.5677767811999916,0.9899432866361947,0,0,0,0,
693,-1,9,0.5745004258580654,0.9402741223457551,56,0.8149882383675893,0.9963534221639243,0,0,0,0,
694,-1,9,0.7069978461723906,0.9622073649131736,56,0.3545051904076991,0.9816519788692922,0,0,0,0,
695,-1,9,0.6739695628405592,0.957105984,56,0.5581621380501115,0.9896414201116402,0,0,0,0,
696,-1,9,0.5708464816324303,0.9396077539780504,56,0.499833483,0.9876927847129753,0,0,0,0,
697,-1,9,0.8116820222859527,0.9770837030417455,56,0.7138546018607643,0.9939988653141707,0,0,0,0,
698,-1,9,0.7139108004835198,0.9632482239335858,56,0.6722389418439352,0.9929332762420107,0,0,0,0,
699,-1,9,0.5482380179512958,0.9353982909434668,56,0.7710842702962175,0.9953686576907951,0,0,0,0,
700,-1,9,0.49131394954523944,0.9240736066140272,56,0.7588032486803554,0.9950833273213798,0,0,0,0,
701,-1,9,0.480479793,0.92178698,56,0.5767116108020867,0.9902193422196096,0,0,0,0,
702,-1,9,0.5485944141852914,0.9354658358454698,56,0.5358786947455944,0.9889216883025745,0,0,0,0,
703,-1,9,0.4419925409795869,0.9132751905325219,56,0.33154457,0.980478892,0,0,0,0,
704,-1,9,0.5172731593517912,0.929375255,56,0.4251665103059156,0.9848432799642403,0,0,0,0,
705,-1,9,0.3983474332478486,0.9027856957200521,56,0.6612059900097612,0.9926399003554268,0,0,0,0,
706,-1,9,0.6339465556755375,0.9506175976785552,56,0.4053408835371802,0.98400384,0,0,0,0,
707,-1,9,0.5429090523903696,0.9343836520989887,56,0.8817671317536719,0.9977556066971628,0,0,0,0,
708,-1,9,0.5301905854203353,0.931925799,56,0.8482207105772278,0.9970647732770238,0,0,0,0,
709,-1,9,0.7146867630163125,0.9633644979845082,56,0.6941530765759092,0.9935022243796626,0,0,0,0,
710,-1,9,0.6858074018875837,0.9589594448484493,56,0.708507306,0.9938654133950576,0,0,0,0,
711,-1,9,0.49977711565054034,0.9258288447586409,56,0.6150378187527368,0.991357713,0,0,0,0,
712,-1,9,0.8206337646817202,0.9782751965160503,56,0.5230353408427708,0.9884933875381255,0,0,0,0,
713,-1,9,0.3696640973471041,0.8953206181394745,56,0.42033476964189365,0.9846422971834998,0,0,0,0,
714,-1,9,0.45617773037429665,0.9164863666048237,56,0.7061540039604318,0.9938063685077299,0,0,0,0,
715,-1,9,0.5796032087860937,0.9411984383222362,56,0.6825986288257044,0.9932044759409292,0,0,0,0,
716,-1,9,0.7497859947961245,0.9685100844807211,56,0.569009367,0.9899816219605447,0,0,0,0,
717,-1,9,0.6312692808582163,0.950170688,56,0.6859790001561517,0.9932920944075642,0,0,0,0,
718,-1,9,0.4580735146296669,0.9169087798566704,56,0.4728641570585111,0.9867149794979565,0,0,0,0,
719,-1,9,0.5963361474631668,0.9441795082216465,56,0.621757175,0.9915500876076278,0,0,0,0,
720,-1,9,0.6172018487780853,0.9477943934602896,56,0.3204266274559087,0.9798818759850747,0,0,0,0,
721,-1,9,0.654142812,0.9539358597736284,56,0.5657282448178622,0.9898793927988417,0,0,0,0,
722,-1,9,0.6535579236958321,0.9538410507739747,56,0.8539552975677113,0.9971847482863313,0,0,0,0,
723,-1,9,0.7673586752330593,0.9710062946074339,56,0.6200200728404173,0.9915005508373622,0,0,0,0,
724,-1,9,0.8178502604104585,0.9779059497905391,56,0.5469269208372437,0.9892821342362484,0,0,0,0,
725,-1,9,0.8299651661396469,0.9795049874960139,56,0.7409759644167254,0.9946609626851859,0,0,0,0,
726,-1,9,0.4993554376733415,0.9257420175849579,56,0.8383900517181677,0.9968572375763948,0,0,0,0,
727,-1,9,0.5443240837874016,0.9346539353687524,56,0.5625241895271357,0.9897790012583476,0,0,0,0,
728,-1,9,0.7096009897903062,0.9626003685568398,56,0.6473713023085658,0.9922651536121425,0,0,0,0,
729,-1,9,0.41911367608312045,0.9078976046487003,56,0.46299325392931556,0.986343346,0,0,0,0,
730,-1,9,0.6336170538325344,0.9505626854730177,56,0.5429856025581457,0.9891543768999499,0,0,0,0,
731,-1,9,0.6415625688574763,0.9518798052414101,56,0.6423608307471519,0.9921274894655892,0,0,0,0,
732,-1,9,0.6076235470182964,0.9461487054912726,56,0.41221050925352487,0.9842991862672236,0,0,0,0,
733,-1,9,0.617803907,0.9478970755855978,56,0.6855517090432713,0.9932810425604216,0,0,0,0,
734,-1,9,0.7330267922807634,0.9660805008538016,56,0.6765105994525739,0.9930455952278182,0,0,0,0,
735,-1,9,0.5843548376143282,0.9420526653050741,56,0.5228523314625988,0.98848721,0,0,0,0,
736,-1,9,0.7874501420416096,0.9737987876329568,56,0.623724738,0.9916060324966086,0,0,0,0,
737,-1,9,0.7742578003615799,0.9719724479972958,56,0.8665654170979175,0.9974458089950201,0,0,0,0,
738,-1,9,0.7700478194837052,0.9713837970533217,56,0.5430102518646973,0.9891551787307978,0,0,0,0,
739,-1,9,0.7583662359253112,0.9697353358515104,56,0.6728819532031587,0.9929502283261992,0,0,0,0,
740,-1,9,0.7708118176670019,0.9714908334671694,56,0.6494226984147031,0.9923212146163883,0,0,0,0,
741,-1,9,0.4581801380475647,0.9169324911976539,56,0.5795813740655565,0.9903071173926439,0,0,0,0,
742,-1,9,0.5914619366916641,0.9433188946793731,56,0.8236956309282228,0.9965425230781527,0,0,0,0,
743,-1,9,0.6058623366152178,0.9458435974383085,56,0.6438127783934308,0.9921674903647749,0,0,0,0,
744,-1,9,0.3559354711940277,0.8915636702179689,56,0.608510825,0.9911688581982618,0,0,0,0,
745,-1,9,0.6659028542534966,0.9558263222424509,56,0.7803877966580558,0.9955818547814742,0,0,0,0,
746,-1,9,0.8292262905824718,0.97940806,56,0.5831273885648252,0.9904149888209653,0,0,0,0,
747,-1,9,0.5961581603512313,0.9441481921628946,56,0.6880080582721851,0.9933444837032833,0,0,0,0,
748,-1,9,0.4045275609953919,0.9043313122587135,56,0.7625504647200861,0.9951708659889831,0,0,0,0,
749,-1,9,0.7646222078292501,0.9706209398409938,56,0.7507960604170869,0.9948948397548628,0,0,0,0,
750,-1,9,0.462460064,0.9178802518961681,56,0.45940844330572767,0.9862064504884446,0,0,0,0,
751,-1,9,0.6059789465749139,0.9458638230358526,56,0.5093713988285303,0.9880262297072908,0,0,0,0,
752,-1,9,0.6146865184268454,0.9473644341312444,56,0.5688191013420785,0.9899757097386808,0,0,0,0,
753,-1,9,0.6173024323899587,0.9478115543650302,56,0.6028051093161926,0.9910021300192362,0,0,0,0,
754,-1,9,0.648426284,0.953005975,56,0.7340321923101837,0.9944937440097724,0,0,0,0,
755,-1,9,0.6647540100043021,0.9556429557425078,56,0.7075990534376794,0.9938426479817809,0,0,0,0,
756,-1,9,0.5715447807766798,0.9397353949980849,56,0.6776142730033421,0.9930745019930152,0,0,0,0,
757,-1,9,0.6736454476490419,0.9570548312078176,56,0.6073280282364847,0.9911344219070185,0,0,0,0,
758,-1,9,0.6767765998547218,0.9575480863654247,56,0.6559834491151768,0.9924993477717615,0,0,0,0,
759,-1,9,0.8340022451202762,0.9800332314075272,56,0.6595254880694161,0.9925947928767134,0,0,0,0,
760,-1,9,0.6461110870516895,0.952627296,56,0.5025170297069574,0.9877872288758955,0,0,0,0,
761,-1,9,0.5854741135823216,0.9422529850625795,56,0.7617666682027392,0.9951525907244926,0,0,0,0,
762,-1,9,0.6438825427396443,0.9522616499028671,56,0.32677541880315364,0.9802252416597949,0,0,0,0,
763,-1,9,0.7026263556084644,0.9615444861370613,56,0.6890085772753233,0.9933702607832665,0,0,0,0,
764,-1,9,0.7747620218594787,0.9720427587174901,56,0.5581360008913664,0.9896405925548132,0,0,0,0,
765,-1,9,0.6721122334782782,0.9568125579518837,56,0.8558540637031538,0.9972242986220139,0,0,0,0,
766,-1,9,0.6057006488491954,0.9458155475238419,56,0.6325110017438773,0.9918537607618918,0,0,0,0,
767,-1,9,0.2899476811927706,0.8714806281493119,56,0.7414292972558688,0.9946718261824624,0,0,0,0,
768,-1,9,0.8083747800920844,0.9766405465542624,56,0.4898523042400996,0.9873370838817768,0,0,0,0,
769,-1,9,0.36650396002709584,0.8944669470041253,56,0.5147469501299546,0.9882114668199556,0,0,0,0,
770,-1,9,0.44897908022690436,0.9148680399928404,56,0.5193183149802325,0.9883675035735926,0,0,0,0,
771,-1,9,0.38522657,0.8994322808762132,56,0.5506116452699588,0.9894007589090583,0,0,0,0,
772,-1,9,0.8439150105356356,0.9813207180842963,56,0.7362710728431144,0.9945478294249129,0,0,0,0,
773,-1,9,0.7352556490632806,0.9664064478233881,56,0.7715326977189015,0.9953789915432355,0,0,0,0,
774,-1,9,0.46660150330677447,0.9187899520516769,56,0.7150733420745943,0.9940291438861819,0,0,0,0,
775,-1,9,0.6912675465904569,0.9598047780466792,56,0.6965603711135449,0.9935636452896837,0,0,0,0,
776,-1,9,0.6888850944347127,0.9594366621299364,56,0.5662519481903054,0.9898957486975996,0,0,0,0,
777,-1,9,0.5367979447816994,0.933209138,56,0.7470379496818824,0.9948056928056348,0,0,0,0,
778,-1,9,0.4366813728820103,0.9120492621494688,56,0.47771099045379395,0.9868946797281458,0,0,0,0,
779,-1,9,0.5481690841430429,0.9353852219705884,56,0.5322067583438446,0.9888002744974239,0,0,0,0,
780,-1,9,0.7871471090818261,0.9737571421586035,56,0.7273770571190249,0.9943320117181844,0,0,0,0,
781,-1,9,0.537979643,0.9334371761638178,56,0.6909609838612139,0.9934204563245502,0,0,0,0,
782,-1,9,0.6044863987239819,0.9456046840673913,56,0.8226540026582645,0.9965200053982155,0,0,0,0,
783,-1,9,0.7831525527610901,0.9732068385705563,56,0.4757296340120689,0.9868214367079886,0,0,0,0,
784,-1,9,0.5169556257059339,0.9293118477476796,56,0.6530859802508772,0.9924208943591476,0,0,0,0,
785,-1,9,0.6583677974595326,0.9546184906303846,56,0.5311347697172017,0.988764674,0,0,0,0,
786,-1,9,0.5771061744118252,0.940747034,56,0.8737025882915431,0.9975919175003397,0,0,0,0,
787,-1,9,0.6313825183038922,0.9501896240442607,56,0.6337888195613478,0.9918895069700604,0,0,0,0,
788,-1,9,0.6824333295943406,0.9584340794269525,56,0.5341539687511204,0.9888647617583893,0,0,0,0,
789,-1,9,0.4358115788367016,0.9118472337959436,56,0.6296862021209882,0.9917744862795621,0,0,0,0,
790,-1,9,0.7615289211485106,0.9701838582005442,56,0.6066867427444808,0.9911157237881738,0,0,0,0,
791,-1,9,0.6644484074508868,0.9555941312296976,56,0.7311055978905036,0.9944228004166398,0,0,0,0,
792,-1,9,0.7298630559490049,0.965616322,56,0.43981014105141164,0.9854389781631007,0,0,0,0,
793,-1,9,0.6092938754436534,0.9464373439238469,56,0.5015891119295307,0.987754628,0,0,0,0,
794,-1,9,0.6830288703998569,0.9585269766324204,56,0.6128446542377046,0.9912944752668361,0,0,0,0,
795,-1,9,0.7957362180045388,0.9749320491346204,56,0.6213926179487652,0.9915397028529992,0,0,0,0,
796,-1,9,0.43986813070655983,0.9127864119553706,56,0.6225812061699483,0.991573539,0,0,0,0,
797,-1,9,0.4670622253733232,0.9188907092531543,56,0.3405603306051685,0.9809487598656336,0,0,0,0,
798,-1,9,0.6346194989769215,0.950729666,56,0.7077000624668432,0.9938451811971475,0,0,0,0,
799,-1,9,0.5716895350493013,0.9397618370603007,56,0.6088082329959068,0.9911775066731716,0,0,0,0,
800,-1,9,0.7906100760670767,0.9742322070563709,56,0.5897044243812942,0.9906133705568376,0,0,0,0,
801,-1,9,0.6437618097316421,0.9522418086381642,56,0.24624536978091743,0.9752850628063371,0,0,0,0,
802,-1,9,0.7010504790770202,0.9613046260803287,56,0.4874955288546939,0.9872520565407619,0,0,0,0,
803,-1,9,0.4873600468295733,0.923244349,56,0.743421183,0.9947194818051689,0,0,0,0,
804,-1,9,0.8764374154612571,0.9854524115239451,56,0.4139268858065561,0.9843722238050386,0,0,0,0,
805,-1,9,0.6103891760002768,0.9466262339927927,56,0.682148537,0.993192778,0,0,0,0,
806,-1,9,0.7240152456633073,0.9647536100806257,56,0.7518864425615875,0.9949206229272387,0,0,0,0,
807,-1,9,0.47273591522504815,0.9201243224056952,56,0.7029176618835719,0.9937248515368207,0,0,0,0,
808,-1,9,0.7499169650514861,0.9685288803871479,56,0.5954465118283826,0.9907847991518971,0,0,0,0,
809,-1,9,0.45857755079164814,0.9170208262402559,56,0.40382014200427846,0.9839377937475677,0,0,0,0,
810,-1,9,0.6158282063860409,0.9475597826243363,56,0.5493599433441064,0.9893605497469823,0,0,0,0,
811,-1,9,0.7451857366479303,0.9678480299730833,56,0.5978399769856206,0.9908557765096132,0,0,0,0,
812,-1,9,0.519763271,0.929871299,56,0.8058366945907204,0.9961525246947595,0,0,0,0,
813,-1,9,0.6859686715106009,0.9589844980221366,56,0.3981202660197046,0.9836880554695702,0,0,0,0,
814,-1,9,0.5814048602128925,0.9415230614432044,56,0.3405001775160315,0.9809456655839647,0,0,0,0,
815,-1,9,0.6318647709953559,0.9502702365642965,56,0.3699035267359826,0.9823976030013954,0,0,0,0,
816,-1,9,0.35978211959978595,0.8926291475349951,56,0.47964947422584847,0.9869660497375367,0,0,0,0,
817,-1,9,0.7612599357946801,0.9701457760070895,56,0.7671162728052171,0.9952769585394525,0,0,0,0,
818,-1,9,0.748626081,0.968343494,56,0.7266308232821871,0.9943137862948289,0,0,0,0,
819,-1,9,0.48836282057702957,0.9234552266755137,56,0.7085223774286266,0.9938657909117362,0,0,0,0,
820,-1,9,0.7175541378550809,0.9637931883402494,56,0.37042952370991145,0.9824225312033071,0,0,0,0,
821,-1,9,0.6312281371820806,0.9501638063998955,56,0.5166228920563104,0.9882756633278121,0,0,0,0,
822,-1,9,0.6605931056453559,0.9549764695067597,56,0.7233377296068566,0.9942331382088654,0,0,0,0,
823,-1,9,0.7887895985923805,0.9739826971418584,56,0.5383505284413468,0.9890029610174735,0,0,0,0,
824,-1,9,0.5630550619633606,0.9381740792645603,56,0.6066203067384184,0.9911137855876538,0,0,0,0,
825,-1,9,0.5435396898707752,0.9345041865831536,56,0.6931100891425612,0.9934755480986147,0,0,0,0,
826,-1,9,0.8279668643685834,0.9792426680181555,56,0.6643601361560791,0.99272426,0,0,0,0,
827,-1,9,0.6790010913689101,0.957897283,56,0.6390951588521284,0.9920371953431012,0,0,0,0,
828,-1,9,0.8510966097318732,0.9822451054592661,56,0.6326944308769981,0.991858896,0,0,0,0,
829,-1,9,0.6712573222053394,0.956677254,56,0.5553616203147537,0.9895525327361255,0,0,0,0,
830,-1,9,0.6699768896861382,0.9564743183961556,56,0.6407067897758394,0.9920818125875711,0,0,0,0,
831,-1,9,0.7686668293099645,0.9711900800910932,56,0.680572129,0.9931517449645243,0,0,0,0,
832,-1,9,0.43505788726605266,0.9116718826887512,56,0.6295156879424735,0.9917696898399273,0,0,0,0,
833,-1,9,0.8163494373702341,0.9777063938120251,56,0.7695346911205693,0.9953329026886074,0,0,0,0,
834,-1,9,0.7232659950733143,0.9646426279349671,56,0.7569782115663437,0.9950405387880282,0,0,0,0,
835,-1,9,0.7119126321715357,0.9629482906351231,56,0.6466829804001409,0.9922463038999744,0,0,0,0,
836,-1,9,0.6489068755805145,0.9530844306756293,56,0.4946182341568275,0.9875078073730564,0,0,0,0,
837,-1,9,0.5866999869239528,0.9424719926255707,56,0.45755139170537074,0.9861351211241575,0,0,0,0,
838,-1,9,0.6805617703044949,0.9581416688727384,56,0.6642939628390089,0.9927224939378432,0,0,0,0,
839,-1,9,0.7673689487150809,0.9710077390364684,56,0.5906176474622149,0.9906407439472787,0,0,0,0,
840,-1,9,0.49327209284581447,0.9244820965810007,56,0.590183444,0.990627734,0,0,0,0,
841,-1,9,0.731233796,0.9658176538478263,56,0.502677739,0.987792869,0,0,0,0,
842,-1,9,0.6199258480922158,0.9482582685412274,56,0.741425722,0.9946717405290579,0,0,0,0,
843,-1,9,0.7029310763765582,0.9615908117095385,56,0.6657372041803888,0.9927609668941905,0,0,0,0,
844,-1,9,0.6998795298161122,0.961126088,56,0.4766125355983799,0.9868541110717588,0,0,0,0,
845,-1,9,0.7074168767704927,0.9622707138659717,56,0.4281720465132367,0.9849671706910322,0,0,0,0,
846,-1,9,0.8159079959651899,0.9776476357704635,56,0.6909050420458372,0.9934190200238584,0,0,0,0,
847,-1,9,0.6898655843529282,0.9595882957764326,56,0.8224705580492025,0.9965160368350716,0,0,0,0,
848,-1,9,0.8064506486016251,0.976381979,56,0.8531361046705096,0.9971676582372115,0,0,0,0,
849,-1,9,0.6010398933678562,0.9450041154904271,56,0.5853961929836555,0.9904836694643043,0,0,0,0,
850,-1,9,0.7084749576121849,0.9624305259703215,56,0.7292949570051618,0.9943787688657136,0,0,0,0,
851,-1,9,0.4937374339247053,0.92457896,56,0.6389994349449036,0.9920345417962263,0,0,0,0,
852,-1,9,0.4975866540535486,0.9253770980764384,56,0.3781614698578567,0.982785008,0,0,0,0,
853,-1,9,0.6039239224082504,0.9455068782953041,56,0.6855432979806934,0.9932808249411349,0,0,0,0,
854,-1,9,0.7173703075048246,0.96376575,56,0.7397290126418656,0.9946310474972535,0,0,0,0,
855,-1,9,0.6430150843549448,0.9521190182323229,56,0.5957746318991035,0.9907945459922768,0,0,0,0,
856,-1,9,0.3608190273625096,0.8929146260736689,56,0.5107260479922667,0.98807309,0,0,0,0,
857,-1,9,0.5247015128271029,0.9308488065277215,56,0.4587916012819798,0.986182789,0,0,0,0,
858,-1,9,0.5514181503932859,0.9359996212875336,56,0.5513709223046476,0.9894251058924713,0,0,0,0,
859,-1,9,0.6356478593599131,0.9509007206450585,56,0.7716417919879255,0.9953815046902181,0,0,0,0,
860,-1,9,0.6107738099707649,0.9466924945740873,56,0.6194637090062465,0.9914846562404234,0,0,0,0,
861,-1,9,0.43340645497307984,0.911286721,56,0.6162721826058545,0.9913932066672011,0,0,0,0,
862,-1,9,0.4888354276172979,0.9235544798049533,56,0.5900987941527907,0.990625197,0,0,0,0,
863,-1,9,0.6473863438597924,0.9528360289007147,56,0.4515436221618767,0.9859023991158462,0,0,0,0,
864,-1,9,0.5928549666227109,0.9435654960580139,56,0.5364005427454497,0.9889388770331873,0,0,0,0,
865,-1,9,0.663007627,0.9553636761265477,56,0.5356950810151387,0.9889156364878577,0,0,0,0,
866,-1,9,0.7966743455040877,0.975059692,56,0.321672308,0.9799497706865037,0,0,0,0,
867,-1,9,0.6505746597678347,0.9533562940929948,56,0.6872851740073641,0.9933258366040366,0,0,0,0,
868,-1,9,0.580244504,0.9413140901135288,56,0.23868501942783477,0.974742125,0,0,0,0,
869,-1,9,0.6882325667544138,0.9593356417831701,56,0.6382585825629546,0.9920139915345041,0,0,0,0,
870,-1,9,0.6921429349606057,0.9599397522265851,56,0.5152950540798106,0.9882302471846656,0,0,0,0,
871,-1,9,0.5243872535578302,0.9307868441535097,56,0.6321317666262729,0.9918431382315029,0,0,0,0,
872,-1,9,0.5779664272829746,0.9409027430873955,56,0.5796433582499995,0.9903090085407281,0,0,0,0,
873,-1,9,0.5414839870910656,0.934110819,56,0.8494906245118512,0.9970914100533462,0,0,0,0,
874,-1,9,0.7020704352925494,0.9614599255968536,56,0.4711205182714749,0.9866498899228605,0,0,0,0,
875,-1,9,0.6060232052572918,0.9458714986467925,56,0.57825387,0.9902665672539757,0,0,0,0,
876,-1,9,0.7066839462968814,0.9621598877310884,56,0.7172318027312952,0.994082645,0,0,0,0,
877,-1,9,0.7475116587812249,0.9681832219366631,56,0.5823968656746085,0.9903928187602652,0,0,0,0,
878,-1,9,0.636475135,0.9510381485896124,56,0.7218779700428927,0.9941972731807269,0,0,0,0,
879,-1,9,0.5832240484960549,0.9418499383680391,56,0.5883911758185387,0.990573934,0,0,0,0,
880,-1,9,0.6294230466922892,0.9498615181854445,56,0.789131991,0.995779971,0,0,0,0,
881,-1,9,0.5915557780495933,0.9433355231720711,56,0.6784661153987883,0.9930967813444446,0,0,0,0,
882,-1,9,0.8047200906683771,0.9761489552157808,56,0.5972551502394273,0.9908384594798091,0,0,0,0,
883,-1,9,0.7370851655909213,0.9666733397747923,56,0.508533114,0.9879971701739074,0,0,0,0,
884,-1,9,0.5780768796559266,0.9409227204328523,56,0.6886083286947681,0.9933599533099684,0,0,0,0,
885,-1,9,0.3137538817506371,0.8791550121485833,56,0.6503328099455963,0.9923460306687207,0,0,0,0,
886,-1,9,0.4207227711288199,0.9082842424615751,56,0.6164138478668592,0.9913972757796559,0,0,0,0,
887,-1,9,0.7654707505159598,0.9707405642558496,56,0.34136781864270166,0.9809902452536617,0,0,0,0,
888,-1,9,0.28631688358722784,0.8702612817680415,56,0.5205610410019891,0.9884096889896803,0,0,0,0,
889,-1,9,0.7593457903977886,0.9698744307265825,56,0.5715014969373501,0.9900588825553895,0,0,0,0,
890,-1,9,0.7299729014427748,0.9656324678748134,56,0.2797593090240916,0.9775098731969412,0,0,0,0,
891,-1,9,0.6927009328394267,0.96002571,56,0.6717705380403807,0.9929209174099757,0,0,0,0,
892,-1,9,0.47598062899637594,0.9208239076756678,56,0.6962357766220021,0.9935553755954926,0,0,0,0,
893,-1,9,0.4826139519605921,0.9222410097794725,56,0.6877609164864755,0.9933381107441507,0,0,0,0,
894,-1,9,0.5437655393428489,0.9345473232287312,56,0.8606470228669233,0.9973237514760399,0,0,0,0,
895,-1,9,0.5929506429729178,0.9435824142726846,56,0.804272555,0.9961179641475172,0,0,0,0,
896,-1,9,0.5062058034331584,0.927144567,56,0.4814017821146267,0.9870303218640892,0,0,0,0,
897,-1,9,0.6837633958201842,0.9586414546548778,56,0.7384054507382389,0.9945992401487374,0,0,0,0,
898,-1,9,0.42142093293440075,0.90845159,56,0.712036226,0.9939535947928241,0,0,0,0,
899,-1,9,0.5755075791208017,0.9404571341249368,56,0.5863845806738235,0.9905135079578155,0,0,0,0,
900,-1,9,0.5796074137086236,0.9411991970124913,56,0.546608319,0.9892718404590883,0,0,0,0,
901,-1,9,0.6888975546322764,0.9594385903138244,56,0.7862196798818258,0.9957142274860161,0,0,0,0,
902,-1,9,0.7413056165595401,0.9672867849913185,56,0.5392790278480133,0.989033395,0,0,0,0,
903,-1,9,0.6240722765827089,0.9489609055784255,56,0.7722213463894628,0.9953948497301491,0,0,0,0,
904,-1,9,0.6067645516364392,0.9459999934441014,56,0.6333297486070159,0.9918766728814205,0,0,0,0,
905,-1,9,0.5762732909894354,0.9405960827180457,56,0.7471688593870227,0.9948088055398867,0,0,0,0,
906,-1,9,0.6478083092925987,0.9529050152599515,56,0.399248738,0.9837377767406434,0,0,0,0,
907,-1,9,0.5818117961756286,0.9415962597115645,56,0.6958789447824508,0.9935462802198457,0,0,0,0,
908,-1,9,0.783738435,0.9732877076466436,56,0.714062027,0.9940040222089388,0,0,0,0,
909,-1,9,0.7320018603541467,0.9659303194989594,56,0.8092989724137842,0.9962287919302907,0,0,0,0,
910,-1,9,0.4986565077629259,0.9255979581767343,56,0.28134167800364235,0.9776083316190275,0,0,0,0,
911,-1,9,0.6445834923815266,0.9523767786872014,56,0.4311726632075006,0.9850900095242101,0,0,0,0,
912,-1,9,0.7066286201803244,0.9621515177435468,56,0.5799963394728737,0.9903197742736533,0,0,0,0,
913,-1,9,0.5984956385593362,0.9445588008454121,56,0.6226295040514944,0.9915749124892106,0,0,0,0,
914,-1,9,0.4120886820587899,0.9061940106079264,56,0.5027674871278911,0.9877960181341822,0,0,0,0,
915,-1,9,0.5003453963555817,0.9259457557564637,56,0.5505336225438964,0.9893982551636693,0,0,0,0,
916,-1,9,0.5663708738132001,0.9387863534697882,56,0.6452246574083361,0.9922063025041679,0,0,0,0,
917,-1,9,0.4476617709917886,0.9145694023304471,56,0.5857858245636142,0.9904954379785733,0,0,0,0,
918,-1,9,0.4372295922972081,0.9121764141901083,56,0.6602302032810347,0.9926137223376328,0,0,0,0,
919,-1,9,0.49846041200686014,0.9255575078067033,56,0.6699869266607175,0.9928737792322316,0,0,0,0,
920,-1,9,0.5353001546733918,0.9329194597196709,56,0.6319516214961897,0.9918380900999775,0,0,0,0,
921,-1,9,0.7588485329069352,0.969803841,56,0.7110296461880392,0.9939284859882297,0,0,0,0,
922,-1,9,0.27000379171450806,0.8646072515307254,56,0.8869510046738689,0.9978600512599789,0,0,0,0,
923,-1,9,0.7589054172674521,0.9698119183242468,56,0.5754778926317033,0.9901814755349863,0,0,0,0,
924,-1,9,0.7069935486054291,0.9622067150350736,56,0.5189929568400806,0.9883564426314987,0,0,0,0,
925,-1,9,0.8258648761475584,0.9789661294726929,56,0.6576942999151937,0.9925455120274222,0,0,0,0,
926,-1,9,0.7414431257015358,0.9673067197611236,56,0.6859877197879399,0.9932923198696737,0,0,0,0,
927,-1,9,0.5842524447987916,0.9420343227708251,56,0.6935670921024751,0.9934872416214127,0,0,0,0,
928,-1,9,0.4437808737141869,0.913685029,56,0.5954028512440516,0.9907835018121184,0,0,0,0,
929,-1,9,0.5269372098227342,0.931288668,56,0.6224832824183689,0.9915707536749232,0,0,0,0,
930,-1,9,0.47802648646715834,0.9212628343610092,56,0.634420859,0.9919071617382925,0,0,0,0,
931,-1,9,0.4973196726237317,0.9253219167473465,56,0.771143439,0.9953700215511736,0,0,0,0,
932,-1,9,0.7571894458674419,0.9695680225689389,56,0.7265828021678822,0.9943126128357598,0,0,0,0,
933,-1,9,0.7850601978783404,0.9734699526922634,56,0.7435392788687403,0.9947223032950693,0,0,0,0,
934,-1,9,0.7104730238228809,0.9627317353659692,56,0.6698619235451284,0.9928704709670237,0,0,0,0,
935,-1,9,0.5953884956462071,0.9440126772587144,56,0.47997788238010647,0.9869781128163504,0,0,0,0,
936,-1,9,0.6276950860018712,0.949571424,56,0.5573369686488234,0.9896152751467314,0,0,0,0,
937,-1,9,0.7512831156507374,0.9687247667010732,56,0.5349846818428964,0.9888922028894293,0,0,0,0,
938,-1,9,0.8133568530804071,0.9773075114129838,56,0.812956361,0.9963090098008245,0,0,0,0,
939,-1,9,0.7337628704475166,0.9661882418906382,56,0.6368962424627743,0.9919761408038286,0,0,0,0,
940,-1,9,0.6703949704598957,0.9565406179735096,56,0.7321417085918677,0.9944479486239606,0,0,0,0,
941,-1,9,0.5230883131288017,0.9305303819083557,56,0.7010997741002252,0.9936789007564849,0,0,0,0,
942,-1,9,0.5832166193969474,0.9418486053304626,56,0.7201048464924519,0.9941536131404511,0,0,0,0,
943,-1,9,0.5898336445341289,0.9430299906934535,56,0.6501620648656655,0.9923413775552535,0,0,0,0,
944,-1,9,0.7312894620671885,0.9658258229625851,56,0.47828321029882637,0.9869157769431034,0,0,0,0,
945,-1,9,0.6916447899957616,0.9598629629843858,56,0.7994722394944067,0.9960114848109164,0,0,0,0,
946,-1,9,0.5053929166827734,0.9269790213365104,56,0.6629527837347123,0.9926866680261199,0,0,0,0,
947,-1,9,0.7381175174692962,0.9668236806681054,56,0.7767080129800862,0.9954978298097138,0,0,0,0,
948,-1,9,0.8074710449393697,0.97651917,56,0.7504244125089928,0.9948860433653914,0,0,0,0,
949,-1,9,0.8251810195671352,0.9788760260943428,56,0.43785931054341426,0.9853607534932836,0,0,0,0,
950,-1,9,0.714923566,0.9633999593622881,56,0.6315511495269712,0.9918268627765799,0,0,0,0,
951,-1,9,0.7931162528371922,0.9745748629914243,56,0.7484383780808909,0.9948389640455625,0,0,0,0,
952,-1,9,0.5874334619179146,0.9426028366798762,56,0.7041499804099617,0.9937559345437007,0,0,0,0,
953,-1,9,0.6195511671024141,0.948194571,56,0.7697136316849461,0.995337035,0,0,0,0,
954,-1,9,0.5268681817564241,0.9312751122576821,56,0.5978599773527568,0.9908563684368162,0,0,0,0,
955,-1,9,0.37649184790149115,0.89714312,56,0.7516616374567058,0.9949153101929694,0,0,0,0,
956,-1,9,0.5271984405593448,0.9313399558337213,56,0.33055554836220374,0.9804265861872675,0,0,0,0,
957,-1,9,0.55022931,0.9357751853931612,56,0.7406472134233917,0.9946530805362086,0,0,0,0,
958,-1,9,0.5935620961631926,0.9436904787707349,56,0.6837707913952479,0.9932349063024181,0,0,0,0,
959,-1,9,0.5220070671368522,0.9303164690661769,56,0.660250174,0.9926142584762353,0,0,0,0,
960,-1,9,0.572035599,0.9398250279962417,56,0.8326094713129076,0.9967340845865434,0,0,0,0,
961,-1,9,0.726764995,0.9651600415464069,56,0.3160624559403957,0.9796419484037396,0,0,0,0,
962,-1,9,0.8355916898931781,0.9802405837485336,56,0.799775958,0.9960182403896444,0,0,0,0,
963,-1,9,0.8408863421986282,0.9809287820495999,56,0.6003715397926215,0.9909305460416864,0,0,0,0,
964,-1,9,0.587531393,0.9426202954608847,56,0.6230158369546621,0.9915858958995173,0,0,0,0,
965,-1,9,0.5736001432315176,0.9401102886765969,56,0.7379262960833168,0.9945877114751601,0,0,0,0,
966,-1,9,0.581490417,0.9415384549507178,56,0.5028933838441271,0.987800435,0,0,0,0,
967,-1,9,0.56743485,0.9389821445565197,56,0.8407304627614635,0.9969068620938686,0,0,0,0,
968,-1,9,0.5161324269704491,0.9291473052986198,56,0.6381315282840584,0.9920104648642023,0,0,0,0,
969,-1,9,0.6598402843593186,0.9548554854661158,56,0.7131722321081838,0.99398189,0,0,0,0,
970,-1,9,0.6332706275082193,0.9505049253863093,56,0.6669993874589147,0.9927945462404665,0,0,0,0,
971,-1,9,0.5066926286668897,0.9272435967611508,56,0.7376958633012068,0.9945821645418423,0,0,0,0,
972,-1,9,0.6271108680002064,0.9494731830756996,56,0.7243501616754497,0.9942579710636166,0,0,0,0,
973,-1,9,0.5330132395781304,0.9324757689693765,56,0.6800980235500161,0.9931393861544152,0,0,0,0,
974,-1,9,0.6543956839934691,0.9539768264262878,56,0.5378502153008032,0.9889865405843544,0,0,0,0,
975,-1,9,0.6896148266196261,0.9595495341082693,56,0.6256712211387113,0.9916612077311063,0,0,0,0,
976,-1,9,0.5994293472438975,0.944722421,56,0.6166588760261071,0.9914043116615876,0,0,0,0,
977,-1,9,0.5033983,0.9265718091893482,56,0.4241640587559008,0.9848017667100184,0,0,0,0,
978,-1,9,0.3509385893240864,0.8901642019785648,56,0.27057902621784835,0.9769276354861649,0,0,0,0,
979,-1,9,0.5678783108263279,0.9390636531329046,56,0.8377378676273726,0.9968433848588312,0,0,0,0,
980,-1,9,0.28586832499112835,0.8701096877843225,56,0.7924204584581468,0.9958539197834279,0,0,0,0,
981,-1,9,0.606671668,0.9459839019269318,56,0.6972844354605818,0.9935820786482314,0,0,0,0,
982,-1,9,0.7903258136843518,0.9741932804601321,56,0.6327992190082422,0.9918618296624391,0,0,0,0,
983,-1,9,0.8220277367103772,0.9784596961732133,56,0.5174386856376446,0.9883035091573602,0,0,0,0,
984,-1,9,0.6328743937850834,0.9504388264067855,56,0.7387990812550216,0.9946087055776369,0,0,0,0,
985,-1,9,0.6760498090074711,0.9574337749576284,56,0.713547921,0.9939912380901073,0,0,0,0,
986,-1,9,0.7819247453406576,0.9730371903402784,56,0.7529707367654861,0.9949462257539371,0,0,0,0,
987,-1,9,0.4372384736435094,0.9121784729308776,56,0.5401031135580251,0.9890603634350595,0,0,0,0,
988,-1,9,0.6420067506525495,0.9519530080497398,56,0.6027353155491694,0.9910000809767212,0,0,0,0,
989,-1,9,0.5852401704706914,0.9422111438062661,56,0.61349166,0.9913131539926748,0,0,0,0,
990,-1,9,0.9051670613094421,0.9889904146637752,56,0.30534690630022054,0.9790387567596245,0,0,0,0,
991,-1,9,0.622345305,0.9486687657215587,56,0.6616497174263393,0.9926517919502257,0,0,0,0,
992,-1,9,0.5912185287038727,0.9432757523592458,56,0.7160242044841644,0.9940527320830976,0,0,0,0,
993,-1,9,0.662118519,0.9552212395641545,56,0.48441054613536194,0.9871401448912688,0,0,0,0,
994,-1,9,0.6677168543963142,0.9561152822172059,56,0.6717969422978323,0.9929216143112457,0,0,0,0,
995,-1,9,0.25931054124470515,0.8607338999467444,56,0.4885329533026603,0.987289534,0,0,0,0,
996,-1,9,0.4995471657919178,0.9257815041535624,56,0.3646176070393829,0.9821451403055206,0,0,0,0,
997,-1,9,0.5233292365704831,0.9305779924591077,56,0.6899757169576858,0.9933951429683503,0,0,0,0,
998,-1,9,0.5590140044773574,0.9374235382046686,56,0.5611676538130177,0.9897363280735101,0,0,0,0,
999,-1,9,0.3834163614876374,0.8989616860391422,56,0.7314308300646453,0.994430698,0,0,0,0,
1000,-1,9,0.7656353394098155,0.9707637537404128,56,0.6789330889102487,0.9931089830596532,0,0,0,0,
