speciesID,parentID,t1,p1,seedPerTick,t2,p2,adultPerTick,CNDD,HNDD,Adult,Juvenile,Age
1,-1,9,0.4195145238490035,0.9079940447060777,56,0.788165128,0.995758171,0,0,0,0,
2,-1,9,0.6092158724185179,0.9464238804012378,56,0.5065158672194133,0.9879270480769111,0,0,0,0,
3,-1,9,0.4913215898678767,0.9240752032784876,56,0.6942305202275942,0.9935042035701479,0,0,0,0,
4,-1,9,0.6247316994688343,0.949072266,56,0.5869439231338474,0.9905303721005027,0,0,0,0,
5,-1,9,0.47922591,0.9215193877605956,56,0.6383167011255558,0.9920156045129079,0,0,0,0,
6,-1,9,0.5163341707371207,0.9291876517745599,56,0.560067168,0.9897016350868968,0,0,0,0,
7,-1,9,0.65950455,0.954801491,56,0.42816569758731765,0.9849669098842747,0,0,0,0,
8,-1,9,0.7033496748863873,0.9616544205990026,56,0.7013496895550929,0.9936852248068028,0,0,0,0,
9,-1,9,0.5960605146476732,0.9441310082952296,56,0.7667190638789649,0.9952677535312325,0,0,0,0,
10,-1,9,0.6583292683909806,0.9546122831042201,56,0.4409486696067155,0.9854844737113833,0,0,0,0,
11,-1,9,0.6256481413731154,0.9492268574028985,56,0.7009824524917135,0.9936759311977904,0,0,0,0,
12,-1,9,0.564603646,0.9384604275557389,56,0.43621694549559015,0.9852946318650513,0,0,0,0,
13,-1,9,0.6566813697050289,0.9543464827814737,56,0.6048678500142554,0.9910625840858625,0,0,0,0,
14,-1,9,0.6146978590093679,0.9473663761466959,56,0.8549966510295491,0.9972064498330965,0,0,0,0,
15,-1,9,0.4223186851233974,0.908666417,56,0.6571278415735674,0.9925302402336089,0,0,0,0,
16,-1,9,0.5128013962447275,0.9284791020844789,56,0.5795375982812869,0.9903057816662816,0,0,0,0,
17,-1,9,0.6798702004223554,0.9580334377999016,56,0.5283908967914563,0.9886732268974089,0,0,0,0,
18,-1,9,0.7330302752155246,0.9660810108834013,56,0.7711309385592773,0.9953697334196558,0,0,0,0,
19,-1,9,0.5136902668107115,0.9286577856511933,56,0.8015742571458357,0.9960581882821157,0,0,0,0,
20,-1,9,0.49817023291582474,0.9254976240915791,56,0.6357599776612815,0.9919445103927911,0,0,0,0,
21,-1,9,0.5374790103916787,0.9333406209534837,56,0.46799776193723547,0.9865327247177539,0,0,0,0,
22,-1,9,0.7909301319093907,0.9742760202854147,56,0.5844327580290932,0.9904545366102439,0,0,0,0,
23,-1,9,0.6043331515878838,0.9455780448244943,56,0.6576606820097299,0.9925446060447779,0,0,0,0,
24,-1,9,0.4863123560874979,0.9230236133887488,56,0.5118935649371936,0.988113379,0,0,0,0,
25,-1,9,0.480145445,0.9217156876450869,56,0.38785668331557493,0.9832293731947337,0,0,0,0,
26,-1,9,0.45146443660380403,0.9154293624775892,56,0.5445253013129725,0.9892043941089746,0,0,0,0,
27,-1,9,0.7063639106002944,0.962111463,56,0.33884347814251836,0.980860233,0,0,0,0,
28,-1,9,0.5064092911249308,0.9271859707142271,56,0.5471682401762861,0.989289927,0,0,0,0,
29,-1,9,0.7444118881404235,0.9677363033672114,56,0.7034913264149564,0.9937393278400943,0,0,0,0,
30,-1,9,0.6176906013978798,0.9478777578750869,56,0.5153359369552621,0.9882316472188993,0,0,0,0,
31,-1,9,0.5715845458247865,0.9397426594172484,56,0.6423798571781179,0.9921280142143453,0,0,0,0,
32,-1,9,0.5143577559349314,0.9287917858289184,56,0.5132912092697915,0.988161491,0,0,0,0,
33,-1,9,0.8172119004490149,0.9778211104802925,56,0.5743780039525425,0.990147649,0,0,0,0,
34,-1,9,0.6639035528369157,0.9555070331332114,56,0.508012383,0.987979095,0,0,0,0,
35,-1,9,0.6568916438807169,0.9543804322526156,56,0.4734621980010313,0.9867372499294077,0,0,0,0,
36,-1,9,0.45505214420761164,0.9162348278490228,56,0.4053164582847638,0.9840027806747962,0,0,0,0,
37,-1,9,0.3634749718803114,0.8936425406932376,56,0.6156494596568054,0.9913753090254751,0,0,0,0,
38,-1,9,0.6385012455835669,0.9513740590732848,56,0.7628696133124828,0.9951783020804967,0,0,0,0,
39,-1,9,0.6305560485544447,0.950051345,56,0.6996675768809916,0.9936426165963834,0,0,0,0,
40,-1,9,0.633255277,0.950502365,56,0.8531634310924041,0.997168229,0,0,0,0,
41,-1,9,0.7020425138262866,0.9614556769181445,56,0.8070057951484119,0.9961783136303636,0,0,0,0,
42,-1,9,0.715792783,0.9635300355891794,56,0.6188602379603038,0.9914673999918657,0,0,0,0,
43,-1,9,0.6818618243700247,0.9583448637010024,56,0.5030248547292828,0.987805045,0,0,0,0,
44,-1,9,0.4785964337836674,0.9213848158049665,56,0.7069746656004458,0.9938269810103129,0,0,0,0,
45,-1,9,0.5253480185003808,0.9309761741239844,56,0.4905343811170223,0.9873616167770977,0,0,0,0,
46,-1,9,0.4475326108218001,0.9145400793267885,56,0.6669219764162777,0.9927924885805829,0,0,0,0,
47,-1,9,0.6801555759700119,0.9580781110864143,56,0.4741338115768041,0.9867622272187254,0,0,0,0,
48,-1,9,0.3955359108269598,0.9020754838141616,56,0.7448971788420541,0.9947547140017631,0,0,0,0,
49,-1,9,0.6071587050407053,0.9460682537693205,56,0.5041563339873283,0.9878446787900197,0,0,0,0,
50,-1,9,0.713880509,0.9632436826915804,56,0.7072052876630042,0.993832769,0,0,0,0,
51,-1,9,0.3059504844084512,0.876698225,56,0.5921479372112075,0.9906865205354721,0,0,0,0,
52,-1,9,0.697088224,0.9606994174755256,56,0.5019807563151573,0.9877683950504169,0,0,0,0,
53,-1,9,0.6016187937963801,0.9451052049618631,56,0.46767657940537355,0.9865206304935097,0,0,0,0,
54,-1,9,0.6712201640532991,0.9566713700325884,56,0.6538697243570047,0.9924421491085942,0,0,0,0,
55,-1,9,0.667008053,0.9560024572549489,56,0.5444379937076167,0.9892015616330977,0,0,0,0,
56,-1,9,0.7038053418116138,0.9617236240453186,56,0.7201052595123859,0.9941536233226277,0,0,0,0,
57,-1,9,0.5407234400046209,0.9339649481011923,56,0.39400082641219797,0.9835053676832475,0,0,0,0,
58,-1,9,0.5271411120093937,0.9313287024389026,56,0.5776648012777175,0.9902485441879958,0,0,0,0,
59,-1,9,0.6906117802686366,0.9597035673261929,56,0.6340096554718194,0.9918956775515344,0,0,0,0,
60,-1,9,0.8337327796430123,0.9799980432458338,56,0.5678529846180362,0.9899456590502536,0,0,0,0,
61,-1,9,0.6818559104967737,0.9583439401590668,56,0.52278566,0.9884849592163145,0,0,0,0,
62,-1,9,0.7642132102154181,0.9705632387157253,56,0.5522440922523906,0.9894530642916234,0,0,0,0,
63,-1,9,0.5441751944740727,0.934625526,56,0.6510172270138912,0.9923646702403462,0,0,0,0,
64,-1,9,0.6614908891513048,0.9551205899426962,56,0.7493324489110117,0.9948601733289405,0,0,0,0,
65,-1,9,0.46180279336284286,0.9177352117225539,56,0.7472172772507168,0.9948099566705811,0,0,0,0,
66,-1,9,0.7707812238052582,0.9714865490693043,56,0.5825279301637433,0.9903967983424248,0,0,0,0,
67,-1,9,0.4520529212341689,0.9155618705817506,56,0.6389016227374265,0.99203183,0,0,0,0,
68,-1,9,0.532697767,0.9324144305283074,56,0.6971178740388518,0.9935778399634588,0,0,0,0,
69,-1,9,0.5078027372992353,0.9274690984083658,56,0.45755725826402516,0.986135347,0,0,0,0,
70,-1,9,0.5193822533446838,0.9297955348617487,56,0.8041839246340341,0.9961160038367725,0,0,0,0,
71,-1,9,0.25855910590340553,0.8604564032346474,56,0.43040549516936405,0.9850586833821724,0,0,0,0,
72,-1,9,0.4640512830951015,0.918230629,56,0.4334217414233968,0.9851815327198065,0,0,0,0,
73,-1,9,0.6024296279380583,0.9452466501825691,56,0.6631696529155601,0.9926924659117772,0,0,0,0,
74,-1,9,0.7288346601565714,0.9654650514312155,56,0.5705570505542391,0.990029642,0,0,0,0,
75,-1,9,0.627058011,0.9494642907933144,56,0.4818924483330955,0.9870482776182402,0,0,0,0,
76,-1,9,0.7303310324657624,0.965685095,56,0.64069619,0.99208152,0,0,0,0,
77,-1,9,0.8386740434794064,0.9806416975127885,56,0.6205032802195886,0.9915143440866319,0,0,0,0,
78,-1,9,0.6384752950225411,0.9513697627036004,56,0.7688656629990404,0.9953174436676485,0,0,0,0,
79,-1,9,0.7138080307090329,0.9632328159805446,56,0.567742875,0.9899422309612794,0,0,0,0,
80,-1,9,0.80410647,0.9760662227134516,56,0.47694522532230044,0.9868664078128251,0,0,0,0,
81,-1,9,0.8670410765947357,0.9842728804639833,56,0.41469820033774224,0.9844049489892427,0,0,0,0,
82,-1,9,0.6373870656350755,0.9511894557805105,56,0.6332964838420236,0.9918757425548537,0,0,0,0,
83,-1,9,0.6133654715619978,0.9471379935329662,56,0.5571942125458145,0.9896107481536722,0,0,0,0,
84,-1,9,0.4570506382348724,0.9166810588991301,56,0.690819701,0.9934168286751108,0,0,0,0,
85,-1,9,0.6380548596967022,0.9513001338774036,56,0.48776497178368045,0.9872617978723167,0,0,0,0,
86,-1,9,0.3486730560373271,0.8895238536309588,56,0.6320007861752904,0.991839468,0,0,0,0,
87,-1,9,0.45922322097604973,0.9171641978026651,56,0.4024041025056668,0.9838760751640482,0,0,0,0,
88,-1,9,0.6062232018021669,0.945906177,56,0.5765717204565183,0.9902150525468474,0,0,0,0,
89,-1,9,0.6762661885454899,0.9574678190655397,56,0.5964086703440087,0.9908133652417176,0,0,0,0,
90,-1,9,0.4931348576779866,0.9244535148469022,56,0.7056418606220092,0.993793493,0,0,0,0,
91,-1,9,0.7219276817132974,0.9644441367907455,56,0.6086799942527874,0.9911737780621963,0,0,0,0,
92,-1,9,0.637177669,0.9511547298840644,56,0.5278276789032356,0.9886543985030133,0,0,0,0,
93,-1,9,0.6972406416433798,0.9607227547397433,56,0.5853840131892264,0.9904833014592407,0,0,0,0,
94,-1,9,0.5816218205693111,0.941562093,56,0.831313947,0.9967063687793679,0,0,0,0,
95,-1,9,0.6565578707543782,0.9543265389570107,56,0.7479425024172078,0.9948271900777174,0,0,0,0,
96,-1,9,0.7804977050722914,0.9728397159728672,56,0.7216018707700902,0.994190482,0,0,0,0,
97,-1,9,0.67674062,0.9575424298709323,56,0.5844042278235141,0.9904536731799531,0,0,0,0,
98,-1,9,0.798355023,0.9752880339326221,56,0.4442518197785127,0.9856158174528316,0,0,0,0,
99,-1,9,0.5951477022207183,0.9439702487683735,56,0.711737915,0.9939461571642794,0,0,0,0,
100,-1,9,0.6079433192665131,0.9462040177643916,56,0.6413580798587247,0.9920998119822036,0,0,0,0,
101,-1,9,0.6161236718835078,0.9476102858034813,56,0.603243407,0.991014992,0,0,0,0,
102,-1,9,0.5085381107212239,0.9276182371500932,56,0.6199992464387954,0.9914999561063491,0,0,0,0,
103,-1,9,0.5846647373904426,0.9421081630006407,56,0.5388609487259476,0.9890196977324839,0,0,0,0,
104,-1,9,0.5957587476058941,0.9440778869647042,56,0.47068972342490595,0.9866337720170368,0,0,0,0,
105,-1,9,0.6561281565700442,0.9542571184895743,56,0.30604370262147973,0.979078608,0,0,0,0,
106,-1,9,0.5360008354333139,0.9330550635470799,56,0.6521260293931256,0.9923948268111256,0,0,0,0,
107,-1,9,0.6473550946443576,0.9528309184340201,56,0.3571058736381343,0.981780116,0,0,0,0,
108,-1,9,0.5141590636852389,0.9287519140085222,56,0.4479743792657111,0.985762694,0,0,0,0,
109,-1,9,0.31833178066121176,0.8805711330606628,56,0.5648266279420836,0.989851199,0,0,0,0,
110,-1,9,0.40850585957329805,0.9053151956727669,56,0.5118238572180719,0.9881109764005743,0,0,0,0,
111,-1,9,0.5222027318684997,0.9303552083894441,56,0.5328647683382511,0.9888220922046215,0,0,0,0,
112,-1,9,0.6384174659502729,0.9513601879755955,56,0.6693362078387508,0.9928565510175568,0,0,0,0,
113,-1,9,0.5577201106075181,0.937182205,56,0.7697538289582307,0.9953379633674574,0,0,0,0,
114,-1,9,0.5053517913841614,0.9269706398120475,56,0.8284953859246162,0.9966459230375537,0,0,0,0,
115,-1,9,0.5841535940412879,0.9420166120458117,56,0.8502503215825737,0.9971073262081275,0,0,0,0,
116,-1,9,0.6645099111918572,0.9556039589630865,56,0.6906837806644915,0.9934133380398191,0,0,0,0,
117,-1,9,0.7042868607910185,0.9617967104511881,56,0.7684860822454028,0.9953086669401067,0,0,0,0,
118,-1,9,0.8436725128081516,0.9812893828540363,56,0.4160328691131581,0.984461435,0,0,0,0,
119,-1,9,0.6931612925266165,0.9600965797013093,56,0.5061692097159789,0.9879149702054966,0,0,0,0,
120,-1,9,0.7124432021540006,0.9630280042721442,56,0.6136956057078132,0.9913190377963419,0,0,0,0,
121,-1,9,0.7535108611540622,0.9690435152221237,56,0.6787141244051833,0.9931032626857167,0,0,0,0,
122,-1,9,0.6669156898939362,0.9559877473837007,56,0.48356657529454644,0.9871094068293992,0,0,0,0,
123,-1,9,0.8256225942151273,0.9789342145481353,56,0.5728072549006158,0.9900992314363747,0,0,0,0,
124,-1,9,0.7373733805053952,0.9667153311936411,56,0.6613202815742436,0.9926429640413268,0,0,0,0,
125,-1,9,0.5979564378192063,0.9444642098186323,56,0.4886269284349301,0.9872929252487185,0,0,0,0,
126,-1,9,0.5077266135647395,0.9274536490330252,56,0.8101848160779652,0.9962482538564961,0,0,0,0,
127,-1,9,0.44896430361216777,0.914864694,56,0.6416372314723374,0.9921075212672463,0,0,0,0,
128,-1,9,0.6911358974408762,0.9597844662167928,56,0.736227693,0.9945467830126457,0,0,0,0,
129,-1,9,0.7786174660656731,0.9725790372064728,56,0.858944055,0.9972884777038807,0,0,0,0,
130,-1,9,0.6961593912863877,0.9605571019883846,56,0.743177597,0.9947136607738946,0,0,0,0,
131,-1,9,0.30122044377777996,0.8751817877538207,56,0.6157701431087301,0.9913787789696629,0,0,0,0,
132,-1,9,0.47598474427228565,0.9208247922657943,56,0.4811939619770223,0.9870227113413755,0,0,0,0,
133,-1,9,0.7725649563067168,0.9717360927738131,56,0.6802254441239146,0.9931427085417945,0,0,0,0,
134,-1,9,0.8738372585807231,0.9851271406913739,56,0.38538925467446533,0.9831173261272863,0,0,0,0,
135,-1,9,0.7428359274709829,0.9675084499297447,56,0.5146115941189139,0.9882068259252642,0,0,0,0,
136,-1,9,0.2724977176494899,0.8654909698798559,56,0.6930440454480299,0.9934738575852158,0,0,0,0,
137,-1,9,0.34155257326318267,0.8874869000972203,56,0.7161930771555882,0.9940569181172976,0,0,0,0,
138,-1,9,0.4122943896627553,0.9062442612949998,56,0.7111726926372699,0.9939320563611614,0,0,0,0,
139,-1,9,0.5627723163172909,0.9381217212793138,56,0.4975200429305614,0.9876109653964588,0,0,0,0,
140,-1,9,0.4347866543428626,0.911608713,56,0.599705613,0.990910908,0,0,0,0,
141,-1,9,0.7149109258019644,0.9633980667500952,56,0.346599335,0.9812567063997724,0,0,0,0,
142,-1,9,0.6209202133212923,0.9484271495874089,56,0.6160637468602468,0.991387218,0,0,0,0,
143,-1,9,0.7650827502623238,0.97068588,56,0.7458072421824931,0.9947764031673219,0,0,0,0,
144,-1,9,0.6168820516542043,0.9477398152872853,56,0.599568952,0.9909068752517015,0,0,0,0,
145,-1,9,0.4040966630236423,0.9042242301081908,56,0.7645062465234302,0.9952163873278761,0,0,0,0,
146,-1,9,0.6505305898382495,0.953349118,56,0.5037577140504473,0.987830726,0,0,0,0,
147,-1,9,0.5691520799765282,0.9392974590037318,56,0.6032833263250279,0.9910161635037491,0,0,0,0,
148,-1,9,0.6760975898916736,0.9574412934035558,56,0.2994681863363744,0.9786989435143442,0,0,0,0,
149,-1,9,0.6147257727708147,0.9473711560967041,56,0.7671705903417984,0.9952782169422998,0,0,0,0,
150,-1,9,0.8184020588279824,0.9779792374816932,56,0.579163996,0.9902943779566648,0,0,0,0,
151,-1,9,0.7635427636189481,0.9704685931273157,56,0.5814808187650424,0.9903649797488122,0,0,0,0,
152,-1,9,0.39453342807390407,0.9018211634868627,56,0.5655594616953974,0.9898741183261598,0,0,0,0,
153,-1,9,0.8567187424625038,0.9829639384079004,56,0.5569989035990466,0.9896045527917198,0,0,0,0,
154,-1,9,0.824704895,0.9788132537699457,56,0.41850168939579957,0.9845654534637304,0,0,0,0,
155,-1,9,0.6131403857918889,0.9470993683715829,56,0.5558345300102213,0.9895675735604882,0,0,0,0,
156,-1,9,0.6185535670376463,0.9480248071279935,56,0.8728104649213567,0.9975737186460684,0,0,0,0,
157,-1,9,0.7501777036996914,0.9685662910321029,56,0.6318334956938112,0.9918347791428089,0,0,0,0,
158,-1,9,0.6384501782254096,0.9513656042238758,56,0.7416197415669111,0.994676388,0,0,0,0,
159,-1,9,0.5346262721420519,0.9327888932723647,56,0.5214823048786184,0.988440898,0,0,0,0,
160,-1,9,0.6402443052646545,0.9516622849443159,56,0.5943610206874326,0.9907525168928548,0,0,0,0,
161,-1,9,0.7948861063197402,0.9748162660815416,56,0.6587408053855712,0.9925736920088775,0,0,0,0,
162,-1,9,0.8103196578005413,0.9769013467122678,56,0.781543335,0.9956081603187392,0,0,0,0,
163,-1,9,0.7493186291245227,0.9684429877330301,56,0.5582093567988914,0.9896429150589872,0,0,0,0,
164,-1,9,0.8600334046635607,0.983385781,56,0.5282577484071067,0.9886687775218189,0,0,0,0,
165,-1,9,0.522979145,0.9305088020487321,56,0.490648686,0.9873657248219351,0,0,0,0,
166,-1,9,0.6295806325754457,0.9498879388740539,56,0.509166491,0.9880191308201337,0,0,0,0,
167,-1,9,0.5970954151237783,0.9443130048197924,56,0.6112441511158676,0.9912481862068693,0,0,0,0,
168,-1,9,0.7615142216817437,0.9701817774000604,56,0.2448758063247845,0.9751879343381598,0,0,0,0,
169,-1,9,0.4130117973432476,0.9064193369391792,56,0.48068840037198496,0.9870041838252029,0,0,0,0,
170,-1,9,0.41062129916509066,0.9058349070110012,56,0.5997630896269738,0.9909126038151208,0,0,0,0,
171,-1,9,0.4704144246489418,0.9196211670461752,56,0.6497505914847665,0.9923301592254997,0,0,0,0,
172,-1,9,0.5616631156303523,0.9379160967949389,56,0.6230925669625685,0.9915880765306369,0,0,0,0,
173,-1,9,0.6185306058736154,0.948020897,56,0.7806782183445159,0.9955884697558021,0,0,0,0,
174,-1,9,0.7067971173045724,0.9621770069437248,56,0.4419152724344742,0.9855230086526179,0,0,0,0,
175,-1,9,0.42514489915113923,0.9093400734579128,56,0.6306666421531718,0.9918020406130692,0,0,0,0,
176,-1,9,0.5654668483404817,0.9386197391561699,56,0.770544233,0.9953562048912327,0,0,0,0,
177,-1,9,0.4611623747757949,0.9175937137929432,56,0.6852786482852206,0.9932739763241537,0,0,0,0,
178,-1,9,0.385399584,0.8994771556943383,56,0.37076509210436287,0.9824384164007707,0,0,0,0,
179,-1,9,0.4641622708939175,0.918255028,56,0.5274260378905603,0.98864096,0,0,0,0,
180,-1,9,0.760090384,0.9699800549560981,56,0.6094652145885012,0.9911965966786733,0,0,0,0,
181,-1,9,0.6999945763808028,0.9611436415922894,56,0.8016058735287385,0.9960588898289877,0,0,0,0,
182,-1,9,0.45899210774232113,0.9171128995327009,56,0.7279414187608884,0.9943457830475266,0,0,0,0,
183,-1,9,0.5969592936492013,0.944289083,56,0.6131121239345597,0.9913021993293426,0,0,0,0,
184,-1,9,0.7364819094766734,0.9665854012207888,56,0.5545502982168016,0.9895266994281309,0,0,0,0,
185,-1,9,0.5283417961285527,0.9315641656796954,56,0.649033765,0.9923105991282526,0,0,0,0,
186,-1,9,0.413547005,0.9065497726073253,56,0.8354765319217872,0.996795271,0,0,0,0,
187,-1,9,0.4942755897246784,0.9246908786167267,56,0.48957911874390164,0.9873272485532526,0,0,0,0,
188,-1,9,0.48913177833576466,0.9236166734962968,56,0.3857378322078244,0.9831331978580468,0,0,0,0,
189,-1,9,0.5101425721514864,0.9279429685914176,56,0.8433777872617721,0.9969628309303114,0,0,0,0,
190,-1,9,0.5583347588980253,0.9372969095107003,56,0.5995900087954948,0.9909074966709673,0,0,0,0,
191,-1,9,0.7136299477296502,0.9632061118831171,56,0.6361706272080128,0.9919559481216323,0,0,0,0,
192,-1,9,0.3342105259295737,0.8853466474762681,56,0.5136241381448439,0.9881729331170953,0,0,0,0,
193,-1,9,0.6616822011914668,0.9551512786303351,56,0.4646494116822835,0.9864062391452283,0,0,0,0,
194,-1,9,0.3276620445954813,0.883402166,56,0.6695976039264219,0.9928634736291965,0,0,0,0,
195,-1,9,0.5538590225077182,0.9364590776396897,56,0.7639645042213706,0.9952037895956408,0,0,0,0,
196,-1,9,0.9181451138879354,0.9905560078506257,56,0.49158151561960606,0.9873992149179988,0,0,0,0,
197,-1,9,0.39813796263578377,0.9027329357233926,56,0.47829648875306635,0.9869162662130381,0,0,0,0,
198,-1,9,0.674425612,0.9571779220249654,56,0.7817343391071909,0.9956125048038762,0,0,0,0,
199,-1,9,0.6914721763116317,0.9598363430479663,56,0.4467874624540847,0.9857159935428705,0,0,0,0,
200,-1,9,0.6170985281931096,0.9477767630029558,56,0.404644351,0.9839736194061505,0,0,0,0,
201,-1,9,0.5928462201335984,0.9435639493166958,56,0.8070787883360445,0.9961799225540416,0,0,0,0,
202,-1,9,0.5747375902826581,0.9403172436109558,56,0.5438113142086416,0.9891812174885951,0,0,0,0,
203,-1,9,0.6449655684256491,0.9524394866270528,56,0.8548900595403494,0.9972042296859603,0,0,0,0,
204,-1,9,0.7651259237231671,0.970691966,56,0.6111254248767967,0.9912447477165884,0,0,0,0,
205,-1,9,0.3880374544978494,0.9001591369789109,56,0.6282506253899495,0.9917340646500588,0,0,0,0,
206,-1,9,0.5766480205041795,0.9406640225682574,56,0.793285077,0.9958733127375368,0,0,0,0,
207,-1,9,0.6212939863339803,0.9484905683039025,56,0.8030599064940892,0.9960911245408312,0,0,0,0,
208,-1,9,0.5348339369761077,0.932829144,56,0.7690140277460558,0.9953208730246037,0,0,0,0,
209,-1,9,0.4922657192355129,0.9242723365123489,56,0.6557036767849681,0.9924917873668561,0,0,0,0,
210,-1,9,0.49892348222212457,0.9256530065874186,56,0.704857404,0.993773754,0,0,0,0,
211,-1,9,0.4616606925290757,0.9177038301749345,56,0.8457251196342808,0.9970123132979617,0,0,0,0,
212,-1,9,0.5791241230144324,0.9411119652718074,56,0.5476340134077444,0.9893049588551761,0,0,0,0,
213,-1,9,0.48975957720362384,0.9237483160483468,56,0.5571794038921092,0.9896102784856139,0,0,0,0,
214,-1,9,0.6331887591548467,0.9504912712722193,56,0.3978923937187057,0.983677998,0,0,0,0,
215,-1,9,0.6882803981880158,0.9593430496443387,56,0.6309545038858014,0.9918101227037458,0,0,0,0,
216,-1,9,0.6370446481190204,0.951132665,56,0.5726830157561794,0.9900953962462378,0,0,0,0,
217,-1,9,0.6260926432759143,0.9493017663822063,56,0.7469536806766761,0.9948036887974259,0,0,0,0,
218,-1,9,0.6567387658122599,0.9543557505342634,56,0.428682301,0.9849881189659396,0,0,0,0,
219,-1,9,0.6487931842865627,0.9530658753953203,56,0.5380261411043925,0.9889923162334815,0,0,0,0,
220,-1,9,0.3219983365695807,0.8816923441947488,56,0.6542292617895867,0.9924518912138052,0,0,0,0,
221,-1,9,0.7530989551058467,0.968984642,56,0.6564048884293284,0.9925107305267574,0,0,0,0,
222,-1,9,0.7865919087463876,0.9736808046215271,56,0.3729760743936839,0.9825427285953777,0,0,0,0,
223,-1,9,0.3625426922831778,0.8933875709836355,56,0.5945920888360617,0.9907593936553185,0,0,0,0,
224,-1,9,0.5557246395379664,0.9368090391485824,56,0.5935830970881206,0.9907293459838518,0,0,0,0,
225,-1,9,0.750174378,0.9685658138670559,56,0.5744948529680409,0.9901512458420614,0,0,0,0,
226,-1,9,0.7595455332216962,0.9699027742494647,56,0.765327227,0.9952354617945685,0,0,0,0,
227,-1,9,0.638582462,0.9513875042929235,56,0.5722804336723428,0.9900829631549779,0,0,0,0,
228,-1,9,0.818738238,0.9780238659838099,56,0.5099176472536293,0.9880451404019078,0,0,0,0,
229,-1,9,0.5700835942523218,0.9394681482365623,56,0.7530533485228856,0.9949481749339391,0,0,0,0,
230,-1,9,0.7090501482015167,0.9625173135331201,56,0.2769594594959619,0.9773343127776981,0,0,0,0,
231,-1,9,0.5741210647257038,0.9402051139480144,56,0.6252238142728134,0.9916485404235952,0,0,0,0,
232,-1,9,0.637779755,0.9512545514311977,56,0.5801677909568904,0.9903250011278238,0,0,0,0,
233,-1,9,0.5817870396527345,0.9415918078920044,56,0.7157251798649714,0.9940453174490776,0,0,0,0,
234,-1,9,0.772311837,0.9717007126639815,56,0.6305926786804702,0.9917999634077936,0,0,0,0,
235,-1,9,0.658230409,0.9545963541447597,56,0.6000859419073281,0.990922126,0,0,0,0,
236,-1,9,0.8149317881487266,0.9775175972585602,56,0.6134496783897896,0.991311943,0,0,0,0,
237,-1,9,0.47520261455373086,0.9206565490239349,56,0.5977472756052389,0.9908530326825271,0,0,0,0,
238,-1,9,0.7546157450470649,0.9692012927101077,56,0.49348755052394583,0.9874674510596898,0,0,0,0,
239,-1,9,0.682918816,0.9585098149474592,56,0.5035636715801154,0.9878239299595267,0,0,0,0,
240,-1,9,0.5172850302067618,0.9293776244758348,56,0.44123496152144553,0.9854958957697476,0,0,0,0,
241,-1,9,0.6394668023773135,0.9515338062390606,56,0.6728440423892847,0.992949229,0,0,0,0,
242,-1,9,0.8141224538342202,0.9774096825749137,56,0.7137373675773101,0.9939959500510512,0,0,0,0,
243,-1,9,0.601289475,0.9450477089109236,56,0.7220043166286169,0.99420038,0,0,0,0,
244,-1,9,0.7521547183075098,0.9688495765863481,56,0.6245984922989277,0.9916308209294213,0,0,0,0,
245,-1,9,0.5900885826804173,0.943075271,56,0.5797520733849939,0.9903123249784902,0,0,0,0,
246,-1,9,0.690423485,0.95967449,56,0.751654354,0.9949151380511568,0,0,0,0,
247,-1,9,0.5058540862086233,0.9270729683074904,56,0.7212810716617317,0.9941825873824036,0,0,0,0,
248,-1,9,0.6321848120981941,0.9503237038932266,56,0.7052533421444902,0.9937837195494564,0,0,0,0,
249,-1,9,0.7228079509878886,0.9645747301754294,56,0.6631455362762256,0.9926918212579003,0,0,0,0,
250,-1,9,0.5299097304628203,0.9318709343774751,56,0.7373192225076143,0.9945730944526275,0,0,0,0,
251,-1,9,0.5961495130616171,0.9441466704981879,56,0.7124514895822583,0.9939639432379102,0,0,0,0,
252,-1,9,0.7967511333895658,0.9750701341302956,56,0.6674041417705436,0.9928053011811364,0,0,0,0,
253,-1,9,0.6090815809084226,0.9464006977511599,56,0.6029815351588786,0.9910073085841635,0,0,0,0,
254,-1,9,0.4480133576087762,0.9146491843340757,56,0.5882179376691455,0.9905687247205285,0,0,0,0,
255,-1,9,0.6791583143561276,0.9579219249692577,56,0.5207980006987544,0.9884177215635485,0,0,0,0,
256,-1,9,0.6097274089117113,0.946512145,56,0.5791389122525266,0.9902936120342732,0,0,0,0,
257,-1,9,0.5516375233324483,0.9360409887025117,56,0.6153929534852555,0.991367932,0,0,0,0,
258,-1,9,0.7086693662901055,0.9624598663049893,56,0.7596451535328633,0.9951030319718931,0,0,0,0,
259,-1,9,0.6980520292195462,0.960846913,56,0.3549535593110069,0.9816741359637587,0,0,0,0,
260,-1,9,0.5224892564436396,0.9304119136223141,56,0.6245172439724452,0.991628517,0,0,0,0,
261,-1,9,0.3997614992435167,0.9031412170131123,56,0.792291851,0.9958510334077416,0,0,0,0,
262,-1,9,0.8175506343714876,0.9778661362261295,56,0.41104732393551374,0.9842495188626038,0,0,0,0,
263,-1,9,0.6374146657335071,0.9511940321759556,56,0.8571983216941391,0.9972522467664131,0,0,0,0,
264,-1,9,0.5996801785749244,0.9447663368825744,56,0.7002788200764243,0.9936581111197924,0,0,0,0,
265,-1,9,0.759596359,0.9699099853637908,56,0.5717385611284209,0.9900662147356294,0,0,0,0,
266,-1,9,0.2790129744942813,0.8677661618480758,56,0.6670080897194861,0.9927947775402474,0,0,0,0,
267,-1,9,0.7181512193171418,0.9638822641335775,56,0.5894988485535209,0.9906072027867237,0,0,0,0,
268,-1,9,0.47530441887987585,0.9206784619917999,56,0.4555305379114465,0.9860571763350625,0,0,0,0,
269,-1,9,0.6717682260831972,0.9567581316094763,56,0.7458472605420781,0.9947773563116998,0,0,0,0,
270,-1,9,0.6820250843048776,0.9583703564307601,56,0.7501925790423649,0.9948805540222184,0,0,0,0,
271,-1,9,0.6882349157229363,0.9593360055887782,56,0.7279005963009625,0.9943447872658968,0,0,0,0,
272,-1,9,0.6582500252208084,0.9545995149999258,56,0.6770149567650556,0.993058811,0,0,0,0,
273,-1,9,0.7241960700868763,0.9647803792612905,56,0.3846996803072835,0.9830858862590959,0,0,0,0,
274,-1,9,0.43890798127444475,0.9125648145404569,56,0.8403213471489694,0.9968981972721804,0,0,0,0,
275,-1,9,0.6998058191301422,0.9611148406424856,56,0.7270020114787619,0.9943228541975568,0,0,0,0,
276,-1,9,0.6436719250031357,0.9522270348322414,56,0.46648671870967745,0.9864757547336145,0,0,0,0,
277,-1,9,0.7684103389409255,0.9711540671105283,56,0.7946269804057622,0.9959033698648585,0,0,0,0,
278,-1,9,0.4818751186576509,0.9220840298284093,56,0.761815289,0.9951537249119928,0,0,0,0,
279,-1,9,0.7161119133470988,0.9635777575308635,56,0.5903404043911272,0.9906324381261992,0,0,0,0,
280,-1,9,0.5722570875068721,0.9398654537028572,56,0.7852371411325555,0.9956919934080769,0,0,0,0,
281,-1,9,0.5546638253666981,0.9366101747860606,56,0.704643824,0.9937683758589033,0,0,0,0,
282,-1,9,0.447849037,0.9146119035902293,56,0.8301311674810772,0.9966810279056714,0,0,0,0,
283,-1,9,0.5113278193414232,0.9281822715738347,56,0.6536008078542455,0.9924348590482146,0,0,0,0,
284,-1,9,0.6493930117650534,0.9531637392017595,56,0.7345910742262076,0.9945072602732595,0,0,0,0,
285,-1,9,0.5394169958298465,0.9337139499376506,56,0.7080976382862263,0.9938551485917988,0,0,0,0,
286,-1,9,0.5664429364880884,0.9387996246384348,56,0.6792962676904446,0.9931184669891239,0,0,0,0,
287,-1,9,0.6862360281218369,0.9590260202364748,56,0.45047954867901485,0.9858608634791689,0,0,0,0,
288,-1,9,0.6069897633110144,0.9460390009058496,56,0.5904226043617941,0.9906349011237364,0,0,0,0,
289,-1,9,0.5782481175057091,0.9409536852444929,56,0.5385300155285632,0.989008848,0,0,0,0,
290,-1,9,0.7778810844076789,0.9724767917929267,56,0.7049230442929884,0.9937754064237349,0,0,0,0,
291,-1,9,0.9381940047018761,0.9929363409332091,56,0.5548969010346883,0.98953774,0,0,0,0,
292,-1,9,0.5175965562511952,0.9294397969196802,56,0.517034813,0.988289729,0,0,0,0,
293,-1,9,0.6386130106180682,0.9513925610964075,56,0.5438280131016829,0.9891817598899049,0,0,0,0,
294,-1,9,0.6205756411479001,0.9483686553598192,56,0.3458453282942183,0.9812185465645717,0,0,0,0,
295,-1,9,0.38708382799640173,0.8999130683308064,56,0.8451218436700267,0.9969996089768404,0,0,0,0,
296,-1,9,0.6602500895682445,0.9549213594513133,56,0.7081150430371691,0.9938555848107106,0,0,0,0,
297,-1,9,0.42154047427041386,0.9084802189935566,56,0.6672088856747079,0.9928001137282411,0,0,0,0,
298,-1,9,0.5752166542489775,0.9404042988595007,56,0.46993909740184736,0.9866056531910261,0,0,0,0,
299,-1,9,0.5053693251882223,0.9269742133558675,56,0.6552265512363071,0.9924788864914291,0,0,0,0,
300,-1,9,0.4238529192050998,0.9090326125401307,56,0.787300938,0.9957386639762695,0,0,0,0,
301,-1,9,0.7240348587445655,0.9647565138812252,56,0.8161187603779408,0.9963780858169006,0,0,0,0,
302,-1,9,0.4989045410153712,0.9256491018958521,56,0.6039182999414641,0.9910347802034952,0,0,0,0,
303,-1,9,0.46236587165255383,0.9178594775968724,56,0.7798568576206878,0.9955697552577943,0,0,0,0,
304,-1,9,0.381765691,0.8985308411457112,56,0.6516981581026251,0.9923831957846462,0,0,0,0,
305,-1,9,0.4764312708888145,0.9209207340536959,56,0.6658013408599038,0.9927626747050271,0,0,0,0,
306,-1,9,0.8312634896984579,0.9796751192831201,56,0.7178036942019237,0.9940967936255487,0,0,0,0,
307,-1,9,0.6618143846971334,0.9551724778028406,56,0.6063508024553612,0.9911059209451832,0,0,0,0,
308,-1,9,0.49516349661996517,0.9248752976947557,56,0.5184198453448566,0.9883369424415215,0,0,0,0,
309,-1,9,0.6607056327287016,0.9549945429254496,56,0.3762028590620611,0.982693881,0,0,0,0,
310,-1,9,0.5624020944564739,0.9380531293483875,56,0.4971195502105761,0.9875967632608313,0,0,0,0,
311,-1,9,0.7803306567391065,0.9728165787828008,56,0.5868294759328802,0.9905269228088047,0,0,0,0,
312,-1,9,0.5238168450206134,0.9306742925543792,56,0.5255704246874147,0.98857874,0,0,0,0,
313,-1,9,0.4845055639575873,0.9226419492102191,56,0.5437563629624333,0.9891794324866535,0,0,0,0,
314,-1,9,0.5169146899286213,0.9293036709354441,56,0.5028534192052995,0.9877990327426939,0,0,0,0,
315,-1,9,0.6345550835416479,0.9507189435254161,56,0.6819205855714786,0.9931868499085803,0,0,0,0,
316,-1,9,0.5677887502968256,0.9390471963728941,56,0.483544884,0.9871086161370036,0,0,0,0,
317,-1,9,0.7650566514922318,0.9706822008381162,56,0.7265837215229981,0.9943126353021261,0,0,0,0,
318,-1,9,0.5841014658601303,0.9420072713593151,56,0.5714020279712853,0.9900558051808892,0,0,0,0,
319,-1,9,0.554675434,0.9366123527214714,56,0.37643636290147603,0.9827047691512601,0,0,0,0,
320,-1,9,0.5543550679817598,0.9365522304029649,56,0.6937614172601985,0.9934922116063198,0,0,0,0,
321,-1,9,0.5941172004967422,0.9437884988561852,56,0.5755034274297981,0.9901822600858248,0,0,0,0,
322,-1,9,0.6280757720153877,0.9496353951493186,56,0.7943799156068878,0.9958978396365754,0,0,0,0,
323,-1,9,0.6304304208095629,0.9500303122650593,56,0.7280229550041478,0.9943477717956786,0,0,0,0,
324,-1,9,0.7571447961520119,0.96956167,56,0.43683591231463786,0.9853195801379783,0,0,0,0,
325,-1,9,0.6940663810487225,0.9602357918920729,56,0.5556076664333419,0.9895603597663982,0,0,0,0,
326,-1,9,0.7033180559050104,0.961649617,56,0.6529292521202243,0.9924166409647883,0,0,0,0,
327,-1,9,0.6731623953714134,0.9569785538721518,56,0.4463203914199374,0.9856975829072735,0,0,0,0,
328,-1,9,0.527794248,0.9314568464280508,56,0.7381222710399574,0.9945924276078917,0,0,0,0,
329,-1,9,0.5141341683672045,0.9287469172686471,56,0.840147987,0.9968945243689127,0,0,0,0,
330,-1,9,0.4881943373046549,0.9234198225289163,56,0.6811406880828504,0.9931665548325678,0,0,0,0,
331,-1,9,0.4517687032870121,0.9154978928565116,56,0.4416135538945247,0.9855109891255686,0,0,0,0,
332,-1,9,0.44064103453852926,0.9129644819322237,56,0.577654875,0.9902482403234898,0,0,0,0,
333,-1,9,0.5848047504460961,0.9421332283447306,56,0.591823583,0.9906768276217791,0,0,0,0,
334,-1,9,0.14260870164819045,0.8054085304477935,56,0.7476376949898362,0.9948199489888065,0,0,0,0,
335,-1,9,0.4720117524205058,0.919967605,56,0.6346353866244647,0.9919131502296937,0,0,0,0,
336,-1,9,0.6336799576500283,0.9505731704923522,56,0.42509759537009634,0.984840429,0,0,0,0,
337,-1,9,0.5761688764832651,0.9405771449854764,56,0.6339242731400232,0.991893292,0,0,0,0,
338,-1,9,0.4583003795808851,0.9169592251057245,56,0.6826899760388636,0.9932068492373983,0,0,0,0,
339,-1,9,0.6159709924697891,0.9475841913814739,56,0.5881727825380086,0.9905673667767148,0,0,0,0,
340,-1,9,0.5317502581405693,0.9322300086166956,56,0.7586527575811277,0.9950798028388996,0,0,0,0,
341,-1,9,0.529041279,0.93170112,56,0.4259111317679432,0.9848740538515052,0,0,0,0,
342,-1,9,0.49967416698659073,0.9258076527408569,56,0.5602803672780462,0.9897083614409405,0,0,0,0,
343,-1,9,0.5561696532994665,0.9368923627121135,56,0.7300142565353468,0.9943962737853648,0,0,0,0,
344,-1,9,0.48331921025055075,0.9223906568949433,56,0.6188917059237979,0.9914683002263095,0,0,0,0,
345,-1,9,0.7387018616487183,0.9669086956019899,56,0.6738543275843119,0.9929758334023416,0,0,0,0,
346,-1,9,0.6802042442071583,0.9580857280512456,56,0.6826549967728537,0.9932059404762065,0,0,0,0,
347,-1,9,0.2889282258293549,0.8711396367424563,56,0.7096684878939389,0.9938944767712657,0,0,0,0,
348,-1,9,0.6994447174036834,0.9610597237899781,56,0.9022081060574951,0.9981640076911075,0,0,0,0,
349,-1,9,0.29713714038825856,0.8738555722992719,56,0.5044003834126122,0.9878532158824102,0,0,0,0,
350,-1,9,0.8317166223966607,0.9797344420051978,56,0.5841806242381593,0.9904469046685099,0,0,0,0,
351,-1,9,0.4530046224390857,0.9157758394125296,56,0.6531197899063579,0.9924218117770617,0,0,0,0,
352,-1,9,0.4115119749634534,0.9060530124087423,56,0.7251375649995061,0.994277261,0,0,0,0,
353,-1,9,0.4611364478645338,0.9175879816674939,56,0.7224631595629509,0.9942116593267287,0,0,0,0,
354,-1,9,0.5805632651645269,0.9413715335688047,56,0.44644316890207525,0.9857024242853241,0,0,0,0,
355,-1,9,0.6664767649615192,0.9559178185634862,56,0.5740672121363725,0.9901380794938496,0,0,0,0,
356,-1,9,0.8824062956828496,0.9861958656815626,56,0.5309627893664989,0.9887589556030207,0,0,0,0,
357,-1,9,0.5438632097711616,0.9345659730868489,56,0.7707886432900974,0.9953618418415724,0,0,0,0,
358,-1,9,0.42248948126436514,0.9087072415214493,56,0.6706230610747121,0.9928906054367407,0,0,0,0,
359,-1,9,0.679921041,0.9580413977557002,56,0.677878204,0.9930814078674118,0,0,0,0,
360,-1,9,0.7985920670847059,0.9753202050775572,56,0.5029193775067566,0.9878013463020849,0,0,0,0,
361,-1,9,0.7227311580170873,0.9645633430940017,56,0.45545998368901186,0.9860544489113084,0,0,0,0,
362,-1,9,0.5624534265100042,0.9380626421626984,56,0.644233265,0.9921790581440113,0,0,0,0,
363,-1,9,0.6873577491914563,0.9592000742103469,56,0.7405345898536915,0.9946503794780688,0,0,0,0,
364,-1,9,0.42361079289716563,0.9089748994877437,56,0.5534109722867214,0.9894903594161757,0,0,0,0,
365,-1,9,0.6793598645547934,0.9579535071808141,56,0.43174720914823306,0.9851134344056299,0,0,0,0,
366,-1,9,0.5631325022957797,0.9381884153544661,56,0.4768994667827094,0.9868647170042136,0,0,0,0,
367,-1,9,0.432958356,0.9111819857471767,56,0.6023112213990819,0.9909876251829192,0,0,0,0,
368,-1,9,0.30736460429830037,0.8771475413068163,56,0.6632562437371137,0.9926947803525374,0,0,0,0,
369,-1,9,0.46105388512911016,0.9175697261397731,56,0.8375724280275518,0.9968398691544608,0,0,0,0,
370,-1,9,0.7699079238175094,0.9713641873971167,56,0.7044924669146221,0.9937645636593619,0,0,0,0,
371,-1,9,0.5271484604901835,0.9313301449808881,56,0.3545025734622072,0.9816518494666416,0,0,0,0,
372,-1,9,0.5606794754923935,0.9377334466193366,56,0.8432131434146023,0.9969593551211389,0,0,0,0,
373,-1,9,0.8321278460865913,0.9797882532694596,56,0.44827436472122584,0.9857744774586042,0,0,0,0,
374,-1,9,0.7819399539358787,0.973039293,56,0.39408029186945914,0.9835089095070404,0,0,0,0,
375,-1,9,0.6604721085917226,0.9549570326391519,56,0.786671998,0.9957244539202432,0,0,0,0,
376,-1,9,0.6955045965275546,0.9604566730650682,56,0.20642623751603728,0.9722180030721667,0,0,0,0,
377,-1,9,0.8148465940117706,0.9775062421653565,56,0.6141336472999096,0.9913316687334607,0,0,0,0,
378,-1,9,0.4528555130575562,0.9157423419006671,56,0.40404322523203545,0.9839474975236815,0,0,0,0,
379,-1,9,0.59042266,0.9431345800256867,56,0.4492604842476312,0.9858131592405283,0,0,0,0,
380,-1,9,0.5910017290168096,0.9432373128736874,56,0.5193638836781219,0.9883690521929993,0,0,0,0,
381,-1,9,0.8033642206213485,0.975966073,56,0.5282330832342694,0.9886679531729671,0,0,0,0,
382,-1,9,0.5390523113000548,0.9336437891293685,56,0.36633967432556286,0.9822277811668529,0,0,0,0,
383,-1,9,0.693765822,0.9601895806934871,56,0.6232943538045066,0.9915938099602388,0,0,0,0,
384,-1,9,0.5744939955135566,0.9402729529594026,56,0.8016295969769978,0.996059416,0,0,0,0,
385,-1,9,0.5427441352401297,0.9343521107618455,56,0.6974057140888654,0.9935851643428016,0,0,0,0,
386,-1,9,0.46461952201016904,0.9183554933925266,56,0.41823142083708303,0.9845540957048958,0,0,0,0,
387,-1,9,0.6844492492875028,0.9587482483603985,56,0.7229627372043603,0.994223932,0,0,0,0,
388,-1,9,0.6399256734336325,0.951609649,56,0.7052510223243496,0.993783661,0,0,0,0,
389,-1,9,0.7251536510211881,0.9649220402255483,56,0.5204619294293775,0.9884063281926843,0,0,0,0,
390,-1,9,0.6495006358695551,0.9531812899224968,56,0.567333786,0.9899294888355091,0,0,0,0,
391,-1,9,0.41859944306465513,0.907773765,56,0.5746628261598852,0.9901564148237643,0,0,0,0,
392,-1,9,0.5509025467593892,0.9359023356727071,56,0.7058611526185793,0.993799007,0,0,0,0,
393,-1,9,0.41722630926917414,0.9074424178534672,56,0.6469307838730481,0.9922530922731728,0,0,0,0,
394,-1,9,0.6922797952357124,0.9599608406893019,56,0.4967540281757124,0.9875837914319364,0,0,0,0,
395,-1,9,0.7371052381793127,0.9666762647196548,56,0.8472908690733326,0.9970452447584615,0,0,0,0,
396,-1,9,0.6166267754351799,0.9476962305202304,56,0.7689861233529485,0.9953202280818862,0,0,0,0,
397,-1,9,0.6045589149729067,0.945617288,56,0.3113950713603241,0.9793817234631802,0,0,0,0,
398,-1,9,0.5078398299551785,0.9274766256478565,56,0.6444838151166624,0.9921859473799708,0,0,0,0,
399,-1,9,0.6886323473246133,0.959397543,56,0.4541604498361548,0.9860041383142708,0,0,0,0,
400,-1,9,0.6756209836261438,0.9573662770223044,56,0.6802311005390214,0.9931428560140284,0,0,0,0,
401,-1,9,0.34696925759511565,0.8890398373210977,56,0.7477931861337705,0.9948236432413078,0,0,0,0,
402,-1,9,0.6007998820016929,0.9449621785453195,56,0.5989158859300192,0.9908875913286718,0,0,0,0,
403,-1,9,0.5896086215984612,0.9429900096716809,56,0.6741717475033832,0.9929841840154994,0,0,0,0,
404,-1,9,0.7809823837123311,0.9729068219494018,56,0.6206953356519244,0.9915198234170052,0,0,0,0,
405,-1,9,0.5121643808579966,0.9283508778121747,56,0.647347073,0.9922644904337711,0,0,0,0,
406,-1,9,0.5319834337876198,0.9322754206999482,56,0.4421192984565967,0.9855311318470376,0,0,0,0,
407,-1,9,0.5257561399870836,0.931056506,56,0.7722437594464066,0.9953953656241342,0,0,0,0,
408,-1,9,0.77939322,0.9726866564081031,56,0.5729161970751472,0.9901025937457199,0,0,0,0,
409,-1,9,0.5057344308714136,0.9270486000832383,56,0.5786787277052378,0.990279555,0,0,0,0,
410,-1,9,0.63612405,0.9509798454370676,56,0.548782626,0.9893419739089795,0,0,0,0,
411,-1,9,0.6797915389980526,0.9580211210452235,56,0.740087932,0.9946396632853524,0,0,0,0,
412,-1,9,0.8533742931147902,0.9825368319477412,56,0.6203851491301493,0.9915109729860752,0,0,0,0,
413,-1,9,0.6433666322736383,0.9521768420280696,56,0.8385965718560885,0.9968616219615658,0,0,0,0,
414,-1,9,0.5025098944879403,0.9263899744249018,56,0.6663413592236814,0.9927770477358214,0,0,0,0,
415,-1,9,0.4592120475901165,0.9171617182676838,56,0.7210046339405243,0.9941757819982587,0,0,0,0,
416,-1,9,0.5197996698805365,0.929878534,56,0.7990800765010287,0.996002758,0,0,0,0,
417,-1,9,0.7373020988667233,0.9667049471865442,56,0.5165647323053862,0.9882736764874417,0,0,0,0,
418,-1,9,0.3443044307183763,0.8882785583658368,56,0.7079514055956642,0.9938514831153213,0,0,0,0,
419,-1,9,0.6130651067482352,0.9470864475268607,56,0.41371069975994657,0.9843630407590764,0,0,0,0,
420,-1,9,0.6413280834307671,0.9518411430025221,56,0.7796287240423618,0.9955645538562709,0,0,0,0,
421,-1,9,0.4594447306033996,0.917213343,56,0.5009459524169787,0.9877319970013382,0,0,0,0,
422,-1,9,0.5897215238887474,0.9430100713171348,56,0.5270831269450972,0.9886294777971565,0,0,0,0,
423,-1,9,0.7811319627973554,0.9729275243833719,56,0.6287225859200916,0.9917473636746804,0,0,0,0,
424,-1,9,0.6044216533031312,0.9455934299794364,56,0.575109993,0.9901701681214811,0,0,0,0,
425,-1,9,0.7293392809955497,0.9655393014570369,56,0.6171763536325809,0.9914191617980417,0,0,0,0,
426,-1,9,0.8164376735769855,0.9777181351020512,56,0.72220186,0.9942052370228727,0,0,0,0,
427,-1,9,0.6110932747039206,0.9467475003129742,56,0.4646756468075504,0.9864072336651629,0,0,0,0,
428,-1,9,0.4972934249699808,0.9253164903027147,56,0.8504915097740035,0.9971123763389179,0,0,0,0,
429,-1,9,0.42200273884086353,0.9085908591350977,56,0.6508538805070105,0.9923602233731971,0,0,0,0,
430,-1,9,0.6869294935405479,0.959133653,56,0.4280219115681308,0.9849610022985463,0,0,0,0,
431,-1,9,0.4577887286807201,0.9168454239618404,56,0.6416949050988728,0.9921091136198803,0,0,0,0,
432,-1,9,0.8033350115575495,0.9759621298774754,56,0.7530293478548965,0.9949476086727257,0,0,0,0,
433,-1,9,0.46386769907553876,0.9181902595602771,56,0.6346921420295469,0.9919147342089596,0,0,0,0,
434,-1,9,0.7330586478011393,0.9660851655919982,56,0.42352109388159653,0.9847750896687942,0,0,0,0,
435,-1,9,0.6289686877719733,0.9497853079019103,56,0.7326519030770006,0.994460319,0,0,0,0,
436,-1,9,0.5190106235318255,0.92972159,56,0.8772319800581154,0.9976637367829049,0,0,0,0,
437,-1,9,0.5451607326255017,0.9348134488883539,56,0.6361889608691662,0.9919564585958355,0,0,0,0,
438,-1,9,0.5934211046285145,0.9436655695698485,56,0.6992124360141683,0.9936310705037424,0,0,0,0,
439,-1,9,0.7234551003989209,0.9646706486485779,56,0.6730352893263222,0.9929542684665824,0,0,0,0,
440,-1,9,0.7297393247291881,0.965598132,56,0.3695551674254614,0.9823810742843814,0,0,0,0,
441,-1,9,0.5251405520264967,0.9309353164985749,56,0.6305135700081034,0.9917977414388264,0,0,0,0,
442,-1,9,0.4925757806413797,0.9243370037066473,56,0.5808975134974959,0.9903472304262968,0,0,0,0,
443,-1,9,0.7220575974724572,0.9644634194965708,56,0.5417343741460762,0.9891136279659751,0,0,0,0,
444,-1,9,0.6202827709836238,0.9483189153120193,56,0.6340337195968044,0.9918963498220722,0,0,0,0,
445,-1,9,0.8047064907337423,0.976147122,56,0.5998537273689029,0.9909152777106792,0,0,0,0,
446,-1,9,0.6714319941752944,0.956704912,56,0.8419534307078622,0.9969327391461824,0,0,0,0,
447,-1,9,0.5691877837179539,0.9393040058769563,56,0.5284963977221022,0.9886767516053061,0,0,0,0,
448,-1,9,0.5047104717133672,0.9268398574127815,56,0.6188273094607155,0.9914664579263166,0,0,0,0,
449,-1,9,0.5193095228145954,0.9297810670908123,56,0.8992815487993554,0.9981060972449353,0,0,0,0,
450,-1,9,0.5609208174516384,0.9377782872800121,56,0.7593209390653652,0.995095446,0,0,0,0,
451,-1,9,0.5533293369438027,0.9363595256685204,56,0.5645970987472313,0.9898440149141593,0,0,0,0,
452,-1,9,0.6190260840059572,0.9481052467242843,56,0.7326010509531559,0.9944590864802482,0,0,0,0,
453,-1,9,0.6616388859447163,0.9551443310491881,56,0.6137277993286527,0.9913199664013966,0,0,0,0,
454,-1,9,0.5388211665802446,0.9335992978854148,56,0.5007814054571618,0.9877262024455403,0,0,0,0,
455,-1,9,0.641235668,0.9518259020253065,56,0.8488381658824328,0.9970777294518323,0,0,0,0,
456,-1,9,0.6475618318856905,0.9528647239714141,56,0.58656073,0.990518821,0,0,0,0,
457,-1,9,0.7481476899957781,0.9682747198785795,56,0.7230533080829094,0.994226156,0,0,0,0,
458,-1,9,0.3887164799350578,0.9003340216149148,56,0.8288979042450794,0.9966545676361254,0,0,0,0,
459,-1,9,0.6511327897827169,0.9534471358299168,56,0.8924222811935749,0.9979696381036668,0,0,0,0,
460,-1,9,0.5494332951789008,0.9356246683644526,56,0.6237169165263341,0.9916058104569685,0,0,0,0,
461,-1,9,0.6769873714757229,0.9575812166204755,56,0.8320004569114101,0.9967210609117697,0,0,0,0,
462,-1,9,0.5979756503086681,0.9444675815338825,56,0.579915078,0.9903172964221559,0,0,0,0,
463,-1,9,0.6824333718573823,0.9584340860220353,56,0.7756349386956162,0.9954732533621258,0,0,0,0,
464,-1,9,0.6330234610800756,0.9504636978534332,56,0.5070619701587253,0.9879460583551501,0,0,0,0,
465,-1,9,0.5636981737543154,0.9382930817861205,56,0.6960907134347823,0.9935516785961879,0,0,0,0,
466,-1,9,0.7284241013449898,0.9654046079926818,56,0.4648629244725765,0.9864143313768784,0,0,0,0,
467,-1,9,0.419155718,0.9079077234184787,56,0.7983166617701873,0.9959857583205651,0,0,0,0,
468,-1,9,0.8226367595585975,0.9785402163250393,56,0.44459648304134486,0.9856294670555069,0,0,0,0,
469,-1,9,0.6497740239751931,0.953225861,56,0.8356352453817623,0.9967986518766351,0,0,0,0,
470,-1,9,0.6510340622954612,0.9534310718965151,56,0.6956667967734391,0.9935408705549281,0,0,0,0,
471,-1,9,0.5655606877890816,0.9386370450264006,56,0.5895163337093561,0.9906077274657148,0,0,0,0,
472,-1,9,0.6493381745809265,0.9531547956744442,56,0.4108101507180482,0.9842393747493386,0,0,0,0,
473,-1,9,0.7268249256402177,0.9651688844998014,56,0.5016552450465925,0.9877569535128482,0,0,0,0,
474,-1,9,0.8031387041077397,0.9759356279345157,56,0.6842983605989773,0.9932485857431065,0,0,0,0,
475,-1,9,0.531323586,0.9321468662419303,56,0.6520763639640241,0.9923934771169789,0,0,0,0,
476,-1,9,0.6032571450649656,0.9453908312763608,56,0.5240686893375006,0.988528228,0,0,0,0,
477,-1,9,0.7760355607014613,0.9722201652719783,56,0.6054796229188097,0.9910804747793959,0,0,0,0,
478,-1,9,0.6197536757730912,0.9482290026787862,56,0.7810286128920627,0.9955964475238249,0,0,0,0,
479,-1,9,0.4717355441891665,0.9199077738358661,56,0.5680765907932811,0.9899526186977365,0,0,0,0,
480,-1,9,0.7223410961238315,0.9645054869898076,56,0.7109060543685504,0.9939254006256992,0,0,0,0,
481,-1,9,0.49758734740916083,0.9253772413490841,56,0.3854745572255433,0.9831212114986937,0,0,0,0,
482,-1,9,0.6487320079199647,0.9530558897528516,56,0.5751436591962525,0.990171203,0,0,0,0,
483,-1,9,0.6733893852043037,0.957014403,56,0.47853365784456214,0.9869250029135122,0,0,0,0,
484,-1,9,0.7928560822275927,0.9745393360837956,56,0.4267791782553507,0.9849098620412582,0,0,0,0,
485,-1,9,0.6705995879337439,0.9565730529787315,56,0.6635476523854399,0.9927025670825292,0,0,0,0,
486,-1,9,0.5453006336057089,0.9348401008454238,56,0.5694862113884149,0.9899964306961985,0,0,0,0,
487,-1,9,0.7626302044918838,0.9703396502295626,56,0.44262417694993555,0.9855512175155805,0,0,0,0,
488,-1,9,0.5673291300102388,0.9389627047569878,56,0.5140692166679468,0.9881882176228033,0,0,0,0,
489,-1,9,0.40654709460975796,0.9048318379402855,56,0.5408432316010365,0.9890845495993587,0,0,0,0,
490,-1,9,0.6581240033728856,0.9545792068380913,56,0.6622947398858839,0.9926690641552076,0,0,0,0,
491,-1,9,0.532460767,0.9323683284521102,56,0.5430940480970897,0.9891579043172155,0,0,0,0,
492,-1,9,0.38964724826843933,0.9005733025344816,56,0.7078910239974798,0.9938499693700165,0,0,0,0,
493,-1,9,0.8069145371342494,0.9764443670953243,56,0.7549634360886005,0.9949931839569169,0,0,0,0,
494,-1,9,0.7432454276739995,0.9675676970296649,56,0.7242319928295108,0.9942550743852101,0,0,0,0,
495,-1,9,0.3623918744074794,0.8933462689562374,56,0.8516455221611067,0.9971365202348279,0,0,0,0,
496,-1,9,0.40052942809039704,0.9033338198480606,56,0.754390021,0.9949796838435485,0,0,0,0,
497,-1,9,0.7096726180601471,0.9626111643431516,56,0.6409418737940337,0.9920883115645759,0,0,0,0,
498,-1,9,0.7680195073566699,0.9710991711647138,56,0.5827689317670269,0.9904041137101403,0,0,0,0,
499,-1,9,0.7489926240632664,0.9683961632109004,56,0.7238128558553837,0.9942447963165872,0,0,0,0,
500,-1,9,0.6139415434556086,0.9472367912471014,56,0.48766143930260814,0.9872580554259037,0,0,0,0,
501,-1,9,0.5972747381091575,0.9443445118684469,56,0.6972450436504068,0.9935810762882064,0,0,0,0,
502,-1,9,0.5117000868888035,0.9282573311368002,56,0.5189143472248794,0.9883537691814019,0,0,0,0,
503,-1,9,0.7833949945519754,0.973240309,56,0.4631819711574266,0.9863505234792272,0,0,0,0,
504,-1,9,0.49625656233879506,0.9251019252000782,56,0.6394625565333305,0.9920473762915554,0,0,0,0,
505,-1,9,0.7050624977326073,0.9619143456248468,56,0.8401192520026369,0.9968939154900381,0,0,0,0,
506,-1,9,0.5668068253656681,0.9388666160375637,56,0.8056798143827257,0.9961490613123043,0,0,0,0,
507,-1,9,0.7284628312665257,0.9654103111966744,56,0.3599753712504489,0.9819204382879827,0,0,0,0,
508,-1,9,0.6514989710039769,0.953506698,56,0.5271399297859402,0.9886313802481947,0,0,0,0,
509,-1,9,0.5118129737155431,0.9282800826912558,56,0.5424280853967803,0.9891362315626074,0,0,0,0,
510,-1,9,0.4502565628970597,0.9151569059036374,56,0.6259623739806872,0.9916694462838659,0,0,0,0,
511,-1,9,0.7057492113851169,0.9620183984884421,56,0.5315725136985746,0.9887792196906487,0,0,0,0,
512,-1,9,0.655168915,0.954102007,56,0.6774757934805183,0.9930708775572649,0,0,0,0,
513,-1,9,0.6107070915654017,0.9466810037080476,56,0.4099194397867649,0.9842012268042967,0,0,0,0,
514,-1,9,0.7794636193155823,0.9726964181540859,56,0.7488102933577362,0.9948477896970152,0,0,0,0,
515,-1,9,0.6724991787731875,0.9568737480329794,56,0.6882070187452928,0.993349613,0,0,0,0,
516,-1,9,0.3507419165075651,0.8901087586846921,56,0.5222664363086901,0.9884674193981201,0,0,0,0,
517,-1,9,0.6867452222015978,0.9591050616197648,56,0.6305551029730537,0.9917989080322867,0,0,0,0,
518,-1,9,0.5553310766133088,0.9367352997102749,56,0.6431017285157157,0.9921479121499237,0,0,0,0,
519,-1,9,0.22339069634235176,0.8465914888067413,56,0.29258463185307476,0.9782926192183006,0,0,0,0,
520,-1,9,0.5732251386869455,0.9400419778090648,56,0.6684739315781533,0.9928336963197968,0,0,0,0,
521,-1,9,0.49522310002306014,0.9248876668452483,56,0.7256769988207099,0.9942904640592274,0,0,0,0,
522,-1,9,0.7356588988705216,0.9664653250399251,56,0.8249632516946875,0.9965698885153312,0,0,0,0,
523,-1,9,0.6678675823913732,0.9561392609245043,56,0.5649655250714315,0.9898555455064078,0,0,0,0,
524,-1,9,0.5409244015526274,0.9340035096184476,56,0.6597778021169673,0.9926015726041539,0,0,0,0,
525,-1,9,0.5859926948343354,0.9423456815381147,56,0.5674201562536586,0.9899321797999224,0,0,0,0,
526,-1,9,0.7856203584027135,0.9735471055288054,56,0.7050500070208023,0.9937786023470171,0,0,0,0,
527,-1,9,0.7267544793067949,0.9651584898923414,56,0.6147729415040498,0.991350087,0,0,0,0,
528,-1,9,0.8167361039510207,0.9777578378534582,56,0.6484167387161066,0.9922937452946631,0,0,0,0,
529,-1,9,0.6475142680354049,0.9528569472117404,56,0.7065796309971006,0.9938170618881196,0,0,0,0,
530,-1,9,0.6371440416828447,0.9511491521696057,56,0.5604132217247081,0.9897125516851712,0,0,0,0,
531,-1,9,0.6031677404414778,0.9453752624817758,56,0.6135152774024767,0.9913138354533468,0,0,0,0,
532,-1,9,0.7615859349968092,0.970191929,56,0.6913075141726845,0.9934293509126074,0,0,0,0,
533,-1,9,0.4360564410249333,0.9119041445202871,56,0.6753221153845564,0.9930144153173542,0,0,0,0,
534,-1,9,0.797971065,0.9752359059692026,56,0.5855511000951119,0.9904883492323265,0,0,0,0,
535,-1,9,0.7373489637569249,0.9667117743656569,56,0.7972600357540932,0.9959622027493904,0,0,0,0,
536,-1,9,0.7115579582315071,0.9628949744313429,56,0.4344300352869206,0.9852224125425406,0,0,0,0,
537,-1,9,0.40894831179416613,0.9054240927998243,56,0.4319435819258525,0.9851214337238773,0,0,0,0,
538,-1,9,0.8399452739365351,0.9808067440976007,56,0.5976762918936166,0.9908509313845513,0,0,0,0,
539,-1,9,0.81575313,0.9776270155900353,56,0.5156606705356342,0.9882427638488214,0,0,0,0,
540,-1,9,0.6327324467518384,0.9504151381145702,56,0.6590200323828287,0.992581204,0,0,0,0,
541,-1,9,0.5367861940037622,0.933206868,56,0.2755843721312981,0.9772474506890133,0,0,0,0,
542,-1,9,0.5498085573216432,0.9356956501858317,56,0.5532318522243264,0.9894846395081716,0,0,0,0,
543,-1,9,0.6741345159547167,0.9571320090014693,56,0.6526365097286335,0.9924086936367567,0,0,0,0,
544,-1,9,0.4391327280578757,0.9126167235090834,56,0.5609214291185239,0.989728572,0,0,0,0,
545,-1,9,0.6904806528254644,0.9596833189191616,56,0.8276677119397101,0.996628135,0,0,0,0,
546,-1,9,0.6143274175761881,0.9473029235115847,56,0.5970377228642663,0.990832017,0,0,0,0,
547,-1,9,0.4923388674462069,0.9242875957514927,56,0.5512460468619229,0.9894211038988945,0,0,0,0,
548,-1,9,0.5191714546025126,0.929753597,56,0.6406519222812422,0.992080295,0,0,0,0,
549,-1,9,0.5882465077375522,0.9427477057162313,56,0.7105008803216639,0.9939152821114283,0,0,0,0,
550,-1,9,0.6511885910367499,0.953456214,56,0.5714182785289333,0.9900563079771898,0,0,0,0,
551,-1,9,0.4535501643811208,0.9158983122695414,56,0.6731865628755219,0.9929582533759626,0,0,0,0,
552,-1,9,0.44641266936280477,0.9142855051254577,56,0.6087646957723261,0.991176241,0,0,0,0,
553,-1,9,0.7666966500525719,0.9709131790559298,56,0.7777180351305184,0.9955209317373681,0,0,0,0,
554,-1,9,0.8383424499338313,0.9805986094428584,56,0.5651955893129121,0.9898627420529043,0,0,0,0,
555,-1,9,0.3138895761756695,0.8791972510272924,56,0.6460004576352526,0.9922275935306138,0,0,0,0,
556,-1,9,0.5236395676946438,0.9306392904404869,56,0.7200765390506049,0.9941529152636817,0,0,0,0,
557,-1,9,0.25990260105053825,0.8609520380388929,56,0.51035741,0.9880603502074441,0,0,0,0,
558,-1,9,0.5975844673679671,0.944398912,56,0.7694789539190249,0.9953316152908797,0,0,0,0,
559,-1,9,0.7024005088971138,0.9615101399715799,56,0.4530460336200581,0.985960882,0,0,0,0,
560,-1,9,0.6300485433488185,0.949966354,56,0.5109528432062236,0.9880809235613237,0,0,0,0,
561,-1,9,0.6261568193835767,0.9493125776535571,56,0.5722762756356521,0.990082835,0,0,0,0,
562,-1,9,0.48383933813789487,0.922500897,56,0.4890236144337812,0.9873072324402329,0,0,0,0,
563,-1,9,0.6498285894838195,0.9532347547781457,56,0.5628660663766063,0.98978974,0,0,0,0,
564,-1,9,0.5842363858417942,0.9420314457280474,56,0.3152136396762952,0.9795949055646301,0,0,0,0,
565,-1,9,0.6756267588593945,0.9573671863080141,56,0.8274047303829963,0.9966224790602792,0,0,0,0,
566,-1,9,0.5438643628213445,0.9345661932403384,56,0.47500276844410677,0.9867944921849556,0,0,0,0,
567,-1,9,0.6267645448191655,0.9494149078387928,56,0.7693817143607042,0.9953293690674336,0,0,0,0,
568,-1,9,0.5277688254303236,0.9314518611881673,56,0.4788786133723114,0.9869377026015375,0,0,0,0,
569,-1,9,0.692913802,0.9600584848602787,56,0.49133279826960224,0.9873902916648214,0,0,0,0,
570,-1,9,0.6859551949592324,0.9589824046455676,56,0.7835749729600117,0.9956543175669212,0,0,0,0,
571,-1,9,0.7780328366470685,0.9724978693843538,56,0.6875775373619661,0.9933333805567778,0,0,0,0,
572,-1,9,0.7459874616620582,0.967963673,56,0.5991964065036633,0.990895877,0,0,0,0,
573,-1,9,0.8033236928693186,0.9759606019857505,56,0.755082461,0.9949959849390418,0,0,0,0,
574,-1,9,0.7099432639321187,0.9626519472468195,56,0.5830015826210209,0.9904111727810115,0,0,0,0,
575,-1,9,0.6331375351367972,0.9504827272634679,56,0.8120436073794809,0.9962890235309008,0,0,0,0,
576,-1,9,0.5296666327837768,0.9318234248468594,56,0.5489367844239885,0.9893469360085592,0,0,0,0,
577,-1,9,0.7753212479913547,0.9721206919538657,56,0.6070062601902196,0.9911250424620708,0,0,0,0,
578,-1,9,0.5895959970564225,0.9429877662003576,56,0.8213323957806749,0.9964913948671369,0,0,0,0,
579,-1,9,0.7603522920499604,0.9700171860118295,56,0.6418653791508477,0.9921138195389441,0,0,0,0,
580,-1,9,0.44971538451307136,0.9150346230536258,56,0.5181093369434437,0.9883263685096222,0,0,0,0,
581,-1,9,0.5540704613852689,0.9364987929746023,56,0.4742984134604398,0.9867683434561333,0,0,0,0,
582,-1,9,0.6062892605208832,0.9459176290772463,56,0.6052743928923685,0.9910744750099585,0,0,0,0,
583,-1,9,0.7267679876489205,0.965160483,56,0.564572415,0.9898432421315654,0,0,0,0,
584,-1,9,0.5137157083259483,0.9286628959379601,56,0.5864967306407252,0.9905168905387564,0,0,0,0,
585,-1,9,0.5901198914425821,0.9430808301154643,56,0.44903513628416086,0.9858043270384185,0,0,0,0,
586,-1,9,0.7020130652514802,0.9614511957037304,56,0.790699165,0.9958152501132332,0,0,0,0,
587,-1,9,0.5408898598133531,0.9339968824813796,56,0.5596076693642871,0.989687129,0,0,0,0,
588,-1,9,0.6145797016440442,0.9473461407528996,56,0.49688820435437886,0.9875885542319823,0,0,0,0,
589,-1,9,0.6629391389660898,0.9553527102287026,56,0.7166852853509418,0.9940691134995615,0,0,0,0,
590,-1,9,0.7161908567173206,0.9635895595888522,56,0.7574409655470665,0.9950513977719333,0,0,0,0,
591,-1,9,0.4387950035934604,0.9125387115612266,56,0.6054955094997444,0.9910809391302036,0,0,0,0,
592,-1,9,0.5788441647930628,0.9410614045013614,56,0.8656728663473955,0.9974274540702852,0,0,0,0,
593,-1,9,0.4662795832957686,0.9187194975456283,56,0.5237163191317535,0.9885163548649969,0,0,0,0,
594,-1,9,0.7187835593863563,0.9639765282464807,56,0.4685815744155756,0.9865546874899348,0,0,0,0,
595,-1,9,0.46015953024097545,0.9173717880007366,56,0.6260519034081892,0.9916719788802509,0,0,0,0,
596,-1,9,0.6500009281699384,0.9532628407940551,56,0.774534437,0.9954480140367248,0,0,0,0,
597,-1,9,0.694539477,0.9603084948094162,56,0.6906536024853625,0.993412563,0,0,0,0,
598,-1,9,0.4497956016435578,0.9150527569015107,56,0.7896438223200186,0.9957915004269181,0,0,0,0,
599,-1,9,0.7669773186374536,0.9709526645409291,56,0.817911554,0.9964171289704024,0,0,0,0,
600,-1,9,0.5771007327538125,0.9407460486522238,56,0.44458389882100735,0.9856289688689785,0,0,0,0,
601,-1,9,0.6953489448687881,0.9604327876815644,56,0.6261242633971092,0.9916740255299565,0,0,0,0,
602,-1,9,0.7879705314135435,0.9738702709256843,56,0.6712354773110376,0.9929067894752046,0,0,0,0,
603,-1,9,0.7384149277532324,0.9668669577010502,56,0.7409990030227613,0.994661515,0,0,0,0,
604,-1,9,0.7456239746956252,0.9679112561207431,56,0.8995191998848086,0.998110807,0,0,0,0,
605,-1,9,0.43151659633975326,0.9108443465050545,56,0.3694593257556823,0.9823765241694324,0,0,0,0,
606,-1,9,0.7123911535242057,0.9630201867420335,56,0.550910754,0.989410354,0,0,0,0,
607,-1,9,0.3818908332718941,0.8985635628204793,56,0.544178863,0.9891931521522799,0,0,0,0,
608,-1,9,0.536088398,0.9330719985535414,56,0.6732541843351532,0.9929600344035362,0,0,0,0,
609,-1,9,0.6204566926433565,0.9483484560772911,56,0.686119731,0.9932957329098062,0,0,0,0,
610,-1,9,0.5602333871048998,0.9376505194622847,56,0.6446970882157063,0.9921918095517889,0,0,0,0,
611,-1,9,0.6840878842531398,0.958691992,56,0.5606182969056103,0.9897190178645813,0,0,0,0,
612,-1,9,0.47664482665197894,0.920966591,56,0.5510379342527975,0.9894144323514785,0,0,0,0,
613,-1,9,0.41905023348815745,0.9078823334655214,56,0.5080185530395396,0.9879793093579852,0,0,0,0,
614,-1,9,0.46073562429722603,0.9174993279727446,56,0.6066738086851354,0.9911153464669535,0,0,0,0,
615,-1,9,0.4707794324103529,0.919700424,56,0.6023680176110522,0.9909892938070174,0,0,0,0,
616,-1,9,0.4206387934120618,0.9082640966000171,56,0.8073344047878142,0.9961855557529806,0,0,0,0,
617,-1,9,0.5548423908168041,0.9366436730130164,56,0.5881753502959862,0.9905674439992797,0,0,0,0,
618,-1,9,0.4268995188168585,0.9097563045927196,56,0.6716193868153386,0.9929169274793704,0,0,0,0,
619,-1,9,0.455010361,0.9162254798383147,56,0.5955417291290788,0.9907876281347592,0,0,0,0,
620,-1,9,0.6059861523667022,0.945865073,56,0.6835315956380071,0.9932287007351108,0,0,0,0,
621,-1,9,0.6032457106483141,0.9453888402176154,56,0.6501704635338513,0.9923416064622758,0,0,0,0,
622,-1,9,0.6887642857556572,0.9594179656864946,56,0.6066600536867564,0.9911149451880696,0,0,0,0,
623,-1,9,0.5470058158167459,0.9351644604783523,56,0.48387348714385353,0.9871205908851245,0,0,0,0,
624,-1,9,0.7811489972005602,0.9729298817996886,56,0.7881750013924672,0.9957583937943894,0,0,0,0,
625,-1,9,0.7046911207153802,0.9618580359535942,56,0.6918881132376595,0.9934442436647359,0,0,0,0,
626,-1,9,0.7515850629635857,0.9687680188680049,56,0.6673146535893567,0.9928029238950865,0,0,0,0,
627,-1,9,0.7557890943067529,0.9693686223901592,56,0.37506158874222606,0.9826405662152563,0,0,0,0,
628,-1,9,0.6492028359242545,0.9531327200962504,56,0.7515339261813724,0.994912291,0,0,0,0,
629,-1,9,0.42823180498741564,0.9100713352354276,56,0.712054111,0.9939540405927239,0,0,0,0,
630,-1,9,0.7049999146435986,0.9619048583735101,56,0.39276058205496023,0.9834499981263157,0,0,0,0,
631,-1,9,0.40309267625800843,0.903974336,56,0.7125157678438124,0.9939655445360025,0,0,0,0,
632,-1,9,0.5719794899295001,0.939814785,56,0.6606843810821871,0.9926259115626738,0,0,0,0,
633,-1,9,0.7130397019123427,0.9631175603116966,56,0.5266422413638318,0.9886147047268435,0,0,0,0,
634,-1,9,0.6811283150392753,0.9582302606161978,56,0.6398188572321517,0.9920572442460166,0,0,0,0,
635,-1,9,0.826127214,0.9790006768508019,56,0.49460497693837013,0.9875073347221258,0,0,0,0,
636,-1,9,0.5890780493359942,0.942895686,56,0.7119059407264661,0.9939503468259886,0,0,0,0,
637,-1,9,0.7494658879041143,0.968464133,56,0.8371913191498537,0.996831768,0,0,0,0,
638,-1,9,0.6213748381811836,0.9485042821157476,56,0.6564662013221219,0.9925123859431979,0,0,0,0,
639,-1,9,0.6836008501889426,0.9586161308453136,56,0.6651833865443054,0.9927462132910392,0,0,0,0,
640,-1,9,0.5142998639954113,0.9287801699951312,56,0.8949341583435354,0.9980197288737086,0,0,0,0,
641,-1,9,0.2177613944058127,0.8441941163227095,56,0.5625026019009517,0.989778323,0,0,0,0,
642,-1,9,0.843117525,0.9812176379626448,56,0.7347916999830243,0.9945121098376716,0,0,0,0,
643,-1,9,0.6643442141351852,0.9555774802485953,56,0.6363298786506822,0.9919603817648224,0,0,0,0,
644,-1,9,0.6029437620925446,0.9453362502007723,56,0.8548239910483032,0.9972028534379793,0,0,0,0,
645,-1,9,0.5623120366066612,0.9380364380361306,56,0.5157864502869973,0.9882470678296039,0,0,0,0,
646,-1,9,0.4847267610848989,0.9226887424694469,56,0.37031194013478574,0.9824169616667265,0,0,0,0,
647,-1,9,0.6113517061616267,0.9467919785860358,56,0.6053372755255246,0.9910763135560697,0,0,0,0,
648,-1,9,0.5778942190417128,0.9408896810628172,56,0.5615438605413838,0.9897481727301778,0,0,0,0,
649,-1,9,0.5091208482837012,0.9277362842160205,56,0.35675386919451463,0.9817628261625471,0,0,0,0,
650,-1,9,0.644349458,0.9523383517240183,56,0.633371521,0.9918778410640964,0,0,0,0,
651,-1,9,0.6830383014144951,0.9585284471781136,56,0.49093475624494703,0.9873760018424557,0,0,0,0,
652,-1,9,0.4982839662795971,0.9255210987264756,56,0.8808279833458948,0.99773662,0,0,0,0,
653,-1,9,0.802395938,0.9758353007529517,56,0.5377865857347304,0.988984451,0,0,0,0,
654,-1,9,0.6842408813117048,0.9587158136097178,56,0.7349335776246831,0.9945155385463892,0,0,0,0,
655,-1,9,0.6776107795843529,0.9576791537366386,56,0.6028946746031972,0.9910047591832075,0,0,0,0,
656,-1,9,0.8007094377417304,0.9756071941718177,56,0.5153156462562164,0.9882309523774645,0,0,0,0,
657,-1,9,0.43653738278422716,0.9120158420759551,56,0.5995152186256671,0.9909052893686323,0,0,0,0,
658,-1,9,0.9353125287085353,0.9925970323750688,56,0.41958642858134204,0.9846109661519077,0,0,0,0,
659,-1,9,0.4938925374145862,0.9246112273622329,56,0.5121280544071529,0.9881214603675579,0,0,0,0,
660,-1,9,0.6134280560312341,0.9471487309124904,56,0.7280480305150145,0.9943483833677563,0,0,0,0,
661,-1,9,0.5982370781547368,0.9445134515106433,56,0.7048019923674709,0.9937723587614709,0,0,0,0,
662,-1,9,0.5827801884577335,0.9417702680098502,56,0.48472354048326627,0.9871515310157793,0,0,0,0,
663,-1,9,0.6908380432507868,0.9597384983161876,56,0.682730991,0.9932079147376968,0,0,0,0,
664,-1,9,0.4862227158119241,0.9230047076452088,56,0.2639674415825018,0.9764961654050645,0,0,0,0,
665,-1,9,0.6696849893027457,0.9564280067990445,56,0.7274190825606965,0.9943330375679431,0,0,0,0,
666,-1,9,0.49232511661166733,0.924284727,56,0.40451747172052316,0.9839681090422319,0,0,0,0,
667,-1,9,0.5448204386479456,0.9347485955025487,56,0.5373623993052128,0.9889705158607689,0,0,0,0,
668,-1,9,0.6552074737587699,0.9541082457225896,56,0.40067744672038424,0.9838005289884425,0,0,0,0,
669,-1,9,0.5759031363057281,0.9405289337368611,56,0.733808543,0.9944883323411466,0,0,0,0,
670,-1,9,0.6491109562861768,0.9531177309445208,56,0.5314474662318994,0.9887750656201804,0,0,0,0,
671,-1,9,0.7874967828252881,0.9738051961576358,56,0.7961471100057733,0.9959373588987631,0,0,0,0,
672,-1,9,0.49889804060900944,0.9256477618198211,56,0.6030585589455312,0.9910095689692937,0,0,0,0,
673,-1,9,0.8586564492413802,0.9832107176922674,56,0.6630719355709961,0.9926898537195188,0,0,0,0,
674,-1,9,0.9432107154951477,0.9935248801872629,56,0.36018062556487096,0.9819304333663552,0,0,0,0,
675,-1,9,0.45285418065850025,0.9157420425322292,56,0.431083412,0.9850863678853884,0,0,0,0,
676,-1,9,0.5604738828650536,0.9376952345494628,56,0.4458465821348515,0.9856788873245065,0,0,0,0,
677,-1,9,0.5337553095896043,0.9326199251798645,56,0.7955604611969247,0.9959242494006688,0,0,0,0,
678,-1,9,0.822829419,0.9785656771982049,56,0.8658138336992149,0.9974303542392464,0,0,0,0,
679,-1,9,0.781548051,0.9729850943840908,56,0.6394130702157844,0.9920460053122202,0,0,0,0,
680,-1,9,0.768322917,0.97114179,56,0.8451152084264888,0.9969994691964734,0,0,0,0,
681,-1,9,0.5782386172667063,0.940951968,56,0.8905099091562428,0.9979314094763226,0,0,0,0,
682,-1,9,0.43842208989705833,0.9124525091240536,56,0.8304951318594844,0.9966888295623738,0,0,0,0,
683,-1,9,0.43662343444162866,0.9120358158267177,56,0.47961550634454836,0.9869648015674303,0,0,0,0,
684,-1,9,0.6473124419559406,0.9528239427003748,56,0.8808451034654305,0.9977369665389798,0,0,0,0,
685,-1,9,0.6028198931598582,0.9453146693257919,56,0.6701840068443868,0.9928789938192331,0,0,0,0,
686,-1,9,0.7385654397760582,0.9668888532376877,56,0.5578518778304604,0.9896315941710409,0,0,0,0,
687,-1,9,0.8898056266144037,0.9871113090341272,56,0.5365627243234863,0.9889442156562963,0,0,0,0,
688,-1,9,0.7039432524276202,0.9617445610762789,56,0.7768153666642372,0.9955002866786112,0,0,0,0,
689,-1,9,0.6280614668874285,0.9496329919018898,56,0.5074126448287488,0.9879582550206254,0,0,0,0,
690,-1,9,0.7780361642499685,0.9724983315300266,56,0.59430882,0.9907509630076016,0,0,0,0,
691,-1,9,0.4804759704657481,0.9217861656272716,56,0.4874771725157802,0.9872513927006642,0,0,0,0,
692,-1,9,0.7893032050478482,0.9740531425002122,56,0.7273455789869948,0.994331243,0,0,0,0,
693,-1,9,0.6374886255510828,0.9512062946469162,56,0.6760243006632596,0.993032844,0,0,0,0,
694,-1,9,0.48315862826913464,0.9223566004524348,56,0.2994842915066977,0.9786998833766952,0,0,0,0,
695,-1,9,0.6258600436202324,0.9492625737920625,56,0.7546892829427689,0.994986731,0,0,0,0,
696,-1,9,0.6739954680438803,0.9571100715056441,56,0.7506476774214699,0.9948913282485495,0,0,0,0,
697,-1,9,0.6998849904257869,0.9611269215939818,56,0.6515103348861798,0.9923780877289085,0,0,0,0,
698,-1,9,0.5492826398853409,0.9355961593956473,56,0.5742712250523342,0.9901443619125299,0,0,0,0,
699,-1,9,0.8598351912038172,0.9833605959300575,56,0.3495041081956859,0.9814029570921902,0,0,0,0,
700,-1,9,0.7453320491233265,0.9678691426640181,56,0.3929327194792695,0.9834576932961333,0,0,0,0,
701,-1,9,0.6698005167651336,0.9564463380097521,56,0.7425224116180761,0.9946979943558649,0,0,0,0,
702,-1,9,0.5881565848769624,0.9427316919590409,56,0.7310148034170645,0.9944205950091846,0,0,0,0,
703,-1,9,0.6522552667729499,0.9536296217997161,56,0.8243807232591556,0.9965573180052708,0,0,0,0,
704,-1,9,0.5859224705944942,0.9423331332144466,56,0.6811944276988383,0.9931679540170131,0,0,0,0,
705,-1,9,0.5774316949156005,0.9408059788820315,56,0.7118523958215924,0.9939490118045556,0,0,0,0,
706,-1,9,0.7724740271088751,0.9717233841975695,56,0.799166417,0.9960046798779654,0,0,0,0,
707,-1,9,0.496290451,0.9251089442681916,56,0.5578900978602338,0.9896328048891412,0,0,0,0,
708,-1,9,0.571170639,0.9396670234759367,56,0.5725631094598881,0.990091694,0,0,0,0,
709,-1,9,0.7302924505141819,0.9656794265344051,56,0.41434694755798895,0.9843900535235606,0,0,0,0,
710,-1,9,0.4466251331071782,0.9143338439179474,56,0.6841079851709893,0.993243651,0,0,0,0,
711,-1,9,0.6428578462886674,0.9520931460854432,56,0.4334121941947176,0.9851811451949487,0,0,0,0,
712,-1,9,0.7636262895416108,0.9704803883400434,56,0.5920423443056341,0.9906833655978278,0,0,0,0,
713,-1,9,0.5447275046433544,0.9347308778370155,56,0.7534975043130931,0.9949586509525147,0,0,0,0,
714,-1,9,0.42615880718966004,0.9095807786937546,56,0.5991152416756805,0.9908934801490542,0,0,0,0,
715,-1,9,0.5053380354078135,0.9269678361456637,56,0.19284331494823798,0.9710370398350784,0,0,0,0,
716,-1,9,0.6615057344318266,0.9551229715815565,56,0.3513802861190537,0.9814967864533555,0,0,0,0,
717,-1,9,0.6433892206324533,0.9521805564777012,56,0.6143113763739328,0.9913367910312948,0,0,0,0,
718,-1,9,0.6421074970466516,0.9519696051657557,56,0.7752240763062413,0.9954638346052088,0,0,0,0,
719,-1,9,0.6352562800455342,0.9508356155831621,56,0.6438292662474224,0.9921679440932594,0,0,0,0,
720,-1,9,0.5788107215273909,0.9410553631565467,56,0.8185407662092583,0.9964308119375326,0,0,0,0,
721,-1,9,0.3795324423400183,0.8979452932495943,56,0.5667180655095637,0.9899102936219701,0,0,0,0,
722,-1,9,0.6357245163245724,0.9509134616716081,56,0.43783124333356505,0.9853596255544284,0,0,0,0,
723,-1,9,0.7630128832604497,0.970393739,56,0.6006030257607828,0.9909373675049674,0,0,0,0,
724,-1,9,0.5463678787957076,0.9350432175101776,56,0.717223464,0.9940824384637863,0,0,0,0,
725,-1,9,0.4869168214580265,0.9231510184349093,56,0.6647917466003564,0.9927357727886886,0,0,0,0,
726,-1,9,0.6837799167367355,0.9586440282327983,56,0.47640490734398633,0.9868464325283506,0,0,0,0,
727,-1,9,0.6188572361141923,0.948076509,56,0.523864159,0.9885213371922912,0,0,0,0,
728,-1,9,0.6367820825378114,0.951089099,56,0.3464999017927945,0.9812516788117327,0,0,0,0,
729,-1,9,0.4343661554160689,0.9115107091010288,56,0.601521399,0.9909644048454708,0,0,0,0,
730,-1,9,0.6028479889353823,0.9453195646148432,56,0.5139600778095949,0.9881844708726434,0,0,0,0,
731,-1,9,0.5299999745583246,0.9318885662034035,56,0.6786069128073089,0.9931004611578022,0,0,0,0,
732,-1,9,0.7914973507674029,0.9743536295663406,56,0.7503982458530858,0.9948854238757946,0,0,0,0,
733,-1,9,0.8457087369404023,0.981552253,56,0.4768724080948193,0.9868637170926464,0,0,0,0,
734,-1,9,0.908505515,0.9893950421127432,56,0.743749274,0.9947273193027134,0,0,9909,490091,7#2#2#7#1#1#3#4#0#5#1#3#0#0#1#3#5#2#1#12#19#4#0#12#4#6#5#5#4#0#0#0#14#2#9#2#1#5#1#0#4#1#1#0#3#0#2#0#1#3#3#2#4#5#2#5#2#2#8#4#3#1#1#1#4#15#7#5#1#3#1#0#8#0#3#5#2#4#0#1#5#5#1#0#0#0#0#0#0#0#2#13#4#0#0#0#1#0#1#9#9#10#0#1#0#0#2#0#0#5#1#2#5#2#0#10#8#0#0#2#0#2#2#2#7#5#1#2#16#4#6#4#1#1#2#3#0#1#14#2#0#11#2#3#2#0#4#0#1#2#0#1#11#9#0#1#1#1#3#0#7#1#0#1#2#4#0#2#2#2#0#1#1#2#2#2#2#1#0#5#0#0#1#0#2#0#5#6#9#2#1#0#0#1#5#2#3#6#0#0#1#0#1#3#2#11#2#0#0#3#2#2#4#1#6#2#1#0#4#1#0#3#12#4#2#1#0#8#1#8#3#1#6#4#1#1#1#6#0#3#1#0#10#6#0#1#1#0#14#2#7#1#2#1#1#0#11#0#2#0#2#2#1#1#1#3#3#2#0#0#8#1#2#16#2#0#0#0#1#1#7#3#4#2#1#4#3#1#11#5#7#5#2#8#10#0#0#1#0#1#0#0#5#2#7#0#3#1#5#1#0#11#0#2#0#0#4#2#4#2#8#1#0#1#9#2#2#5#10#2#0#0#4#2#4#16#2#1#3#1#0#2#1#8#0#4#3#7#2#1#2#2#2#0#6#4#7#13#2#3#0#4#1#0#1#0#16#2#1#0#5#1#4#4#4#0#4#8#2#1#7#0#3#1#1#6#0#4#1#3#5#2#3#7#1#0#10#11#4#1#0#2#10#1#5#0#12#3#6#0#3#2#4#1#3#0#8#7#1#0#0#2#5#1#5#1#5#2#0#3#4#3#4#2#1#16#0#2#9#4#0#3#8#1#2#0#0#0#10#0#1#4#6#0#2#1#10#0#4#6#7#0#0#0#3#0#2#8#0#2#1#4#2#3#7#3#2#5#0#0#9#6#0#0#0#9#1#0#0#3#0#6#1#0#0#1#6#4#5#1#2#5#3#0#2#6#2#4#4#0#1#0#4#7#9#1#2#0#7#0#1#0#5#1#1#5#0#1#0#7#0#4#6#0#2#12#3#1#3#1#1#5#10#1#8#3#1#2#2#3#0#0#2#4#0#1#7#5#7#0#2#0#0#2#0#2#3#1#4#4#1#0#0#0#0#3#2#2#1#1#15#9#0#1#6#2#0#1#18#2#5#4#0#6#3#2#2#1#2#2#2#1#2#2#4#1#6#0#0#3#4#1#1#1#6#5#3#3#5#3#1#1#6#0#0#0#3#0#3#6#4#1#0#2#5#4#0#3#1#1#7#2#12#1#2#5#4#1#0#4#0#0#3#2#0#1#2#7#0#1#0#6#9#5#3#2#1#1#0#10#2#7#0#1#6#4#6#2#4#4#2#4#1#2#5#1#1#1#1#0#6#1#9#1#1#0#4#0#0#0#11#6#1#1#0#3#8#5#3#0#0#6#3#7#2#5#0#1#0#0#0#2#2#4#1#1#1#2#8#5#3#1#3#0#2#7#6#4#4#8#0#2#0#8#1#13#0#5#0#1#9#6#5#1#7#11#11#0#1#2#4#0#0#5#2#3#0#2#0#8#2#0#1#5#5#0#1#3#0#6#4#3#3#1#13#2#3#0#0#3#2#1#6#2#1#7#6#8#2#0#1#3#2#0#0#16#7#5#4#1#1#1#4#4#4#1#2#2#0#8#16#4#14#14#4#0#3#1#0#5#1#0#0#2#2#2#1#0#0#2#2#0#10#5#2#1#3#5#6#2#8#0#5#1#8#0#0#0#5#2#0#1#0#0#7#2#0#3#4#5#0#0#0#3#0#0#1#4#0#3#0#0#3#4#0#2#2#1#0#3#0#1#3#4#1#5#4#9#0#4#3#1#2#2#3#0#2#16#0#0#15#4#2#1#0#3#6#1#2#3#0#1#2#8#3#1#17#1#1#0#1#2#0#1#3#1#3#2#8#1#0#0#17#1#0#3#3#3#3#1#5#2#1#0#0#0#0#1#0#0#2#13#7#0#0#0#3#0#5#2#2#0#26#4#3#8#0#0#0#9#3#1#1#0#4#2#0#2#0#1#3#3#1#13#0#2#4#12#4#3#5#1#3#0#4#13#6#1#0#5#6#3#10#1#3#1#0#5#1#15#0#4#4#8#0#3#0#7#8#0#0#1#2#2#1#1#0#0#5#3#4#12#2#2#5#0#5#1#3#0#6#2#5#1#0#3#0#0#6#4#2#0#5#1#7#0#6#3#1#1#2#0#6#4#0#1#1#1#0#0#14#2#1#5#4#2#2#2#1#3#2#0#1#6#0#0#1#3#4#0#1#7#1#1#0#4#14#0#5#0#1#1#3#1#3#7#3#0#4#4#0#0#0#1#3#7#2#0#0#2#8#1#7#0#0#1#3#4#1#1#0#0#0#0#0#12#3#2#6#1#3#7#0#5#1#1#4#10#0#1#0#2#0#5#2#1#2#0#10#5#15#2#0#0#5#2#0#0#1#0#1#4#10#7#1#0#1#0#1#1#2#0#1#3#0#8#0#7#0#3#1#1#2#1#3#0#1#1#0#3#0#10#4#1#0#0#1#2#7#1#5#1#4#3#2#7#2#14#6#0#3#5#2#10#0#1#0#0#1#0#2#3#0#1#2#2#2#0#0#0#0#12#1#3#2#0#11#2#1#5#2#2#10#0#3#1#2#0#7#1#0#5#13#6#0#2#2#4#17#5#1#7#10#4#5#4#6#3#4#6#1#7#0#5#4#3#8#3#5#3#5#1#2#1#3#7#1#1#0#1#0#2#2#0#0#3#1#1#4#1#4#2#3#0#6#1#0#4#5#2#2#2#2#8#9#1#2#11#6#1#6#5#4#8#3#1#1#10#4#8#4#4#7#2#1#5#2#14#10#2#0#5#3#6#1#2#3#4#1#12#1#2#2#0#0#0#3#4#8#12#6#3#11#4#7#0#0#10#6#6#0#5#0#2#5#1#2#1#6#9#0#2#0#7#1#2#6#0#2#4#5#0#0#0#0#3#1#3#7#1#11#1#0#3#6#4#1#2#0#1#0#0#3#0#4#1#0#1#3#0#4#3#4#5#5#0#1#2#15#2#4#13#6#3#0#0#3#0#7#0#2#1#1#8#0#13#0#4#3#0#3#0#6#1#0#1#4#3#0#9#8#1#0#2#0#3#2#9#1#1#1#7#0#11#2#1#2#3#2#1#4#0#6#4#5#3#0#3#3#2#0#3#1#1#1#1#17#3#1#6#1#8#9#0#5#1#2#1#3#6#5#9#0#3#1#2#0#3#4#7#0#7#6#11#4#7#0#0#3#0#1#0#1#3#1#3#8#20#8#1#5#0#7#1#1#1#3#0#1#6#2#7#6#8#4#1#1#0#0#9#1#3#3#10#3#1#5#1#0#1#0#0#6#4#2#9#1#1#4#0#0#1#5#0#3#21#4#1#0#9#2#3#0#2#2#2#5#0#0#2#6#1#5#4#4#5#4#0#2#2#9#9#0#5#1#1#3#0#4#0#1#2#4#0#1#0#1#0#24#3#1#2#0#0#0#0#5#11#1#1#4#0#8#0#6#0#0#6#8#3#5#6#7#0#3#0#2#1#13#1#0#0#0#0#5#0#0#5#4#1#0#1#1#3#4#7#2#0#4#4#1#0#1#5#10#0#8#6#2#5#2#1#4#2#2#2#2#1#2#0#4#2#0#0#0#8#4#15#0#0#11#2#0#2#1#10#1#0#4#3#20#0#2#0#11#3#9#3#2#2#2#2#0#2#1#4#6#0#0#10#2#2#1#1#11#1#7#1#2#0#2#4#2#0#6#9#3#6#2#6#6#2#0#0#0#1#7#4#0#1#1#0#2#0#3#0#0#4#1#8#0#0#3#5#6#2#1#6#3#0#0#0#0#2#10#13#1#0#2#0#0#3#1#0#0#0#4#3#0#0#10#6#0#1#5#3#5#2#1#7#2#4#6#0#0#5#1#1#2#2#0#10#3#0#5#2#7#1#5#7#3#4#0#10#6#0#1#2#0#10#6#7#6#4#6#2#0#0#2#0#5#2#10#8#2#4#0#0#2#0#0#2#4#0#0#0#6#1#4#1#3#11#0#1#4#4#1#3#0#0#1#0#1#5#1#7#2#3#22#12#1#2#2#6#1#3#2#0#10#0#1#12#2#1#1#6#3#3#0#4#1#0#3#0#3#1#1#3#1#0#2#1#4#8#2#11#0#5#9#10#3#4#3#8#2#1#1#2#1#0#1#0#2#1#4#0#3#0#0#2#1#3#0#0#0#2#8#1#6#1#3#13#8#2#4#3#3#1#0#0#1#2#3#2#2#2#4#7#2#5#19#0#0#5#2#0#12#18#4#1#1#1#3#1#3#6#7#3#4#1#4#6#8#3#0#4#5#11#3#0#5#2#6#8#1#4#0#0#2#8#1#1#4#0#2#4#2#1#0#7#0#16#2#5#1#7#0#1#0#0#0#6#3#3#1#4#1#0#5#2#5#3#1#7#0#1#1#0#4#0#6#0#1#7#3#2#1#0#0#1#1#3#1#0#1#1#2#2#1#0#8#0#0#0#3#2#6#1#4#1#4#0#0#0#3#0#2#0#3#0#0#3#4#0#0#3#0#0#1#4#3#0#2#0#0#0#5#1#1#0#1#0#6#1#4#0#12#7#8#0#0#10#1#1#4#2#2#1#4#6#2#0#1#10#7#2#0#3#2#0#1#1#1#2#1#9#2#0#1#4#2#3#0#0#7#0#5#4#2#2#0#9#4#5#0#0#13#0#1#0#3#1#0#0#0#1#0#0#3#0#1#1#0#1#6#6#10#0#0#5#4#0#4#1#4#1#3#4#2#5#1#0#8#0#0#0#9#1#5#1#0#1#0#3#0#8#8#6#4#0#0#12#7#3#1#3#0#0#1#2#14#3#2#1#5#0#0#0#0#2#0#2#0#0#0#10#3#0#0#2#5#0#2#2#7#2#0#2#0#1#8#19#10#9#2#0#1#5#0#2#14#2#0#0#1#0#8#2#8#0#4#1#0#4#0#8#0#3#2#1#0#1#1#1#0#1#0#0#0#2#0#0#2#0#2#4#1#3#2#5#2#4#2#1#0#2#9#0#2#1#0#6#0#2#6#2#0#1#7#2#3#0#0#1#4#0#2#3#5#1#2#10#3#5#1#2#2#0#7#5#1#2#3#0#0#8#0#1#8#1#5#6#7#3#0#2#13#2#0#1#12#0#2#3#12#2#26#0#5#3#8#12#0#0#0#1#7#1#0#9#5#6#0#5#1#12#0#2#1#1#5#8#5#6#15#23#5#5#0#1#0#10#3#0#1#3#0#19#2#0#0#0#17#0#5#1#3#8#0#5#0#8#1#1#1#2#7#2#1#1#7#0#4#1#1#0#3#2#1#3#3#1#5#3#4#1#0#4#1#0#3#7#2#5#6#2#0#3#1#4#1#9#1#0#1#2#6#0#5#0#0#1#1#2#0#3#1#0#8#0#4#1#0#4#1#1#6#0#2#0#6#6#0#2#6#2#6#3#2#1#3#4#0#1#6#0#20#4#11#4#6#8#2#1#1#0#1#7#5#3#8#0#0#16#14#5#0#4#2#0#0#2#1#0#3#9#2#4#4#14#2#3#3#3#9#10#1#6#2#0#0#2#1#1#1#0#2#0#8#11#0#1#0#0#5#4#3#4#5#0#7#2#0#6#3#2#1#3#0#1#15#5#4#0#1#2#4#1#0#1#3#0#2#5#2#0#1#2#6#2#2#0#3#0#7#11#2#1#0#3#4#0#6#0#5#1#3#11#2#1#1#3#0#0#2#4#3#4#0#15#7#0#0#2#2#0#0#3#1#0#2#6#0#2#1#0#0#3#1#0#2#2#1#10#7#6#0#7#4#1#0#0#3#21#10#1#1#3#0#3#1#2#3#1#1#0#1#1#0#12#2#1#4#3#14#11#4#1#7#5#4#2#3#2#1#1#6#3#0#1#9#4#3#1#4#2#0#0#5#4#2#1#2#7#2#1#2#2#9#4#0#0#4#5#10#4#0#1#5#2#13#7#0#2#4#3#5#3#0#1#3#14#1#4#1#2#4#11#4#2#2#1#2#3#0#4#0#6#8#5#1#6#0#0#6#0#0#2#0#2#2#2#1#2#0#0#1#2#2#1#3#4#6#0#3#1#4#2#1#0#0#0#1#4#3#0#5#4#5#0#7#5#3#4#2#3#8#2#6#11#3#2#18#0#3#5#5#0#3#2#2#3#1#8#0#7#3#2#5#3#8#3#5#2#0#1#0#0#3#8#15#0#0#0#5#0#4#6#1#6#2#4#1#2#0#2#0#5#8#0#0#4#0#1#0#1#2#4#6#2#1#4#9#3#6#0#2#1#4#8#1#0#6#2#2#4#0#3#0#3#0#0#11#1#3#4#7#2#6#1#3#8#0#4#0#3#10#5#4#1#1#13#9#3#0#5#0#0#10#6#0#3#1#3#2#0#1#2#5#2#0#1#2#9#3#0#10#2#0#0#9#3#9#5#4#4#0#0#2#6#0#7#12#0#0#6#5#0#0#2#4#0#0#4#0#5#3#3#0#7#3#1#5#3#0#7#0#1#1#4#1#1#0#4#0#0#1#0#2#8#1#2#2#12#4#0#1#0#1#10#3#1#1#11#3#0#0#2#13#1#0#3#3#2#0#0#4#1#1#0#0#0#3#1#0#0#2#0#3#2#4#0#0#2#11#0#0#0#5#0#6#0#3#4#4#0#1#0#4#4#1#0#0#0#3#6#3#3#7#10#3#8#2#5#3#9#12#1#7#4#0#1#0#1#1#8#0#0#0#2#7#8#1#3#3#1#2#1#4#0#1#6#1#1#4#0#6#4#0#1#0#2#4#10#2#0#3#1#4#3#0#2#0#9#3#1#5#8#2#3#2#3#4#2#0#3#0#1#1#1#4#3#1#2#0#7#2#0#1#8#4#3#1#1#0#0#0#1#4#11#1#1#1#6#4#4#1#2#0#0#2#2#19#1#0#2#1#3#1#0#0#4#5#3#5#6#0#0#3#13#2#4#0#1#1#4#0#1#6#17#3#3#4#1#0#5#7#4#2#1#0#2#0#4#1#1#3#12#8#0#2#0#1#1#0#11#2#5#1#0#1#3#1#9#7#0#0#3#2#1#2#0#6#1#2#9#6#0#6#3#0#0#2#3#6#8#5#8#0#2#1#5#2#0#6#4#8#4#10#7#0#2#1#1#8#3#7#20#5#2#1#6#1#5#2#2#3#0#5#0#0#8#2#1#7#0#7#2#3#0#3#0#0#1#0#2#1#0#0#0#3#2#9#14#2#4#6#6#2#0#1#0#2#5#3#2#0#2#5#6#1#2#5#4#11#0#1#0#1#2#1#0#0#3#0#9#7#3#2#8#0#0#5#9#3#8#4#3#2#0#6#13#11#7#2#4#1#6#1#3#1#3#0#4#5#1#1#0#4#1#11#0#3#0#6#0#5#0#1#2#1#1#2#1#4#2#5#1#1#1#3#9#5#1#2#1#0#1#0#1#2#0#1#1#1#1#8#5#0#0#2#9#1#5#4#2#1#0#0#3#0#0#0#0#2#7#4#16#0#1#2#1#1#13#0#1#1#0#11#0#1#2#1#1#4#15#3#0#10#1#6#2#0#0#7#0#2#4#4#1#1#4#1#3#0#2#2#2#3#8#25#3#0#0#1#10#3#0#8#17#2#2#6#0#13#0#11#0#1#0#0#0#0#1#0#0#0#2#3#0#0#0#4#0#3#0#12#0#12#4#3#1#4#3#5#4#5#9#1#1#9#0#3#4#2#2#4#2#2#5#1#1#0#0#0#7#0#1#5#0#7#0#5#0#0#6#0#3#9#4#0#8#4#3#2#8#14#0#1#5#3#11#6#4#15#0#0#0#2#4#1#7#1#2#2#4#1#8#1#5#1#2#1#0#4#0#0#3#0#8#2#1#1#0#0#1#3#2#1#2#8#0#0#1#0#1#0#2#7#3#0#0#25#9#1#6#2#0#1#0#0#1#11#0#0#1#2#2#0#1#4#0#2#6#0#0#4#6#0#0#9#1#2#0#0#0#2#0#1#3#1#4#4#2#2#1#0#0#0#4#1#0#8#4#4#6#1#2#9#0#7#1#1#5#0#10#0#0#3#0#6#5#2#0#9#1#0#1#14#0#0#1#1#8#0#5#0#2#5#3#12#2#1#2#2#5#4#1#4#8#6#14#0#1#4#3#1#0#0#4#2#3#2#1#1#1#5#11#1#1#1#1#0#0#1#0#3#0#0#1#1#3#0#0#3#0#5#0#0#4#2#5#2#3#6#1#6#9#15#0#2#3#14#2#0#0#7#3#2#0#6#7#7#0#0#1#0#1#0#2#9#6#0#0#10#0#13#0#1#6#3#2#0#5#2#3#0#3#5#4#3#3#5#3#0#1#0#1#0#3#5#3#0#1#0#2#0#0#2#2#0#2#2#2#2#5#2#0#2#5#1#5#2#8#4#0#5#1#7#0#1#7#3#0#0#15#1#0#0#4#1#0#4#1#4#12#6#3#2#1#1#0#1#0#2#1#1#7#9#3#12#6#1#2#0#1#1#7#1#4#1#3#0#0#0#3#6#9#1#2#0#2#6#0#1#2#0#0#5#2#0#0#4#1#1#4#4#3#3#2#0#3#4#3#0#1#4#0#0#11#2#6#1#0#6#0#3#3#10#1#1#8#10#4#11#4#7#0#0#4#5#0#1#13#3#4#2#0#3#0#1#0#1#1#1#1#0#5#1#2#6#2#1#1#9#0#0#4#1#4#4#3#2#6#5#1#2#0#1#1#0#3#3#4#0#1#0#7#0#0#9#7#2#1#1#8#12#2#6#1#0#1#4#7#2#0#1#10#2#0#1#2#4#6#3#9#0#0#0#1#4#10#1#1#3#0#9#1#1#0#0#1#0#1#3#8#6#0#1#0#0#3#0#11#0#5#5#4#3#3#0#4#0#13#0#0#0#0#18#12#0#0#2#0#9#1#1#2#1#0#11#3#2#1#4#1#8#0#0#0#2#3#2#1#1#3#2#2#7#1#9#0#3#3#0#0#1#2#1#0#4#5#2#0#6#5#4#0#2#4#14#0#0#5#2#6#8#3#1#0#7#0#0#3#1#1#2#0#3#1#1#2#6#7#2#0#2#11#6#4#2#4#1#1#0#0#4#1#1#2#3#3#1#11#3#3#1#1#0#11#1#1#1#7#2#4#14#0#2#3#0#1#7#15#0#2#1#8#2#4#0#0#5#13#9#0#0#2#2#3#4#3#2#1#3#1#10#0#1#1#0#3#2#4#1#4#1#5#1#0#0#1#1#4#3#4#12#16#2#3#0#9#1#3#9#4#3#1#10#1#1#2#6#9#3#1#2#0#0#0#3#4#10#1#0#3#0#0#3#4#14#2#1#3#0#0#0#1#4#2#1#15#2#5#7#2#1#0#1#1#6#4#5#3#0#0#4#1#5#0#0#1#1#0#4#5#7#4#1#0#5#0#5#3#0#5#4#5#4#4#0#0#3#2#0#0#2#0#3#2#2#0#2#5#3#3#0#3#10#3#0#2#10#0#0#5#6#5#0#3#2#2#8#1#3#8#12#0#2#5#3#1#11#1#0#2#0#4#0#1#9#2#0#9#6#0#2#2#0#1#8#1#0#4#0#0#1#3#0#12#0#0#0#5#7#1#3#6#1#0#1#6#0#3#1#1#5#4#8#2#3#4#0#3#3#1#2#2#7#1#1#1#6#6#1#16#3#1#2#5#7#0#0#0#1#1#2#0#0#5#13#3#0#0#2#0#2#1#7#0#6#0#0#11#1#2#3#0#1#0#0#5#4#0#2#5#0#5#0#2#1#1#2#2#14#1#2#2#10#3#5#2#5#2#1#1#0#1#4#5#6#4#5#1#2#6#0#0#2#2#4#3#0#5#1#3#2#2#3#3#1#0#0#2#4#3#0#2#1#0#0#0#3#4#8#0#10#2#0#13#1#6#0#3#1#7#0#1#0#0#3#0#1#1#4#1#1#0#6#1#2#1#0#0#0#8#4#2#1#1#0#0#2#0#0#1#1#2#0#1#5#1#0#7#2#4#2#1#0#2#2#8#15#0#0#9#0#0#20#4#0#3#3#0#5#0#7#3#1#17#2#3#2#1#2#1#3#2#5#6#0#0#9#0#0#3#1#2#4#21#0#3#2#6#2#0#2#5#4#3#1#0#0#0#4#9#5#3#2#3#2#0#3#1#0#2#3#0#1#0#6#7#5#2#0#3#1#0#3#0#0#9#1#3#0#4#0#2#2#0#3#5#3#2#3#1#1#1#14#7#0#13#9#5#0#3#0#5#1#3#4#1#0#0#1#3#2#3#2#3#3#10#1#1#10#1#5#1#7#0#7#7#3#3#2#3#0#2#0#0#1#1#1#4#9#7#2#4#1#0#1#1#4#0#0#0#4#3#4#1#3#1#0#0#4#1#1#0#5#4#0#4#1#0#9#0#2#0#0#4#3#10#2#3#1#5#3#9#0#9#1#4#5#0#0#5#11#0#5#1#0#0#13#0#0#5#10#6#1#1#0#0#3#2#0#2#2#1#4#0#1#1#1#14#6#3#1#5#1#0#6#3#0#0#6#0#6#6#10#2#9#3#6#0#1#8#8#3#0#3#7#1#9#2#0#7#13#0#0#5#2#1#5#2#6#2#0#3#2#3#0#4#4#1#0#0#13#4#2#8#1#5#0#2#0#3#0#16#4#6#0#8#0#4#7#18#12#0#0#1#1#0#3#0#1#1#11#0#0#6#4#0#7#6#9#14#2#0#0#10#11#0#0#1#4#0#1#1#3#0#2#1#1#2#8#1#2#0#7#7#1#0#5#7#8#1#3#4#3#0#2#0#13#0#0#1#11#7#1#0#15#2#0#1#3#10#3#0#5#1#0#5#1#3#6#0#1#1#6#1#0#1#1#1#4#3#2#0#1#4#9#3#1#2#0#5#7#19#2#2#0#0#1#7#6#1#6#0#2#0#1#0#0#1#0#0#10#3#2#5#2#0#0#4#0#6#1#4#10#3#2#4#0#0#3#0#0#9#4#0#9#3#0#7#1#2#2#4#6#0#6#4#2#3#0#2#1#5#3#5#2#10#4#3#0#2#1#6#2#0#2#0#7#1#4#0#6#2#3#17#0#0#11#1#0#3#0#0#0#2#1#1#2#0#3#4#1#0#4#1#2#3#5#4#0#3#0#1#3#1#13#1#5#5#0#0#1#11#1#4#1#1#1#0#8#16#4#2#4#4#1#3#2#0#0#0#6#2#1#8#0#0#0#4#5#3#1#3#3#0#1#0#1#1#0#0#0#0#1#0#1#5#1#10#0#0#3#1#0#1#0#1#0#0#2#0#8#2#2#2#0#0#1#4#3#5#0#0#3#1#8#6#18#2#5#2#7#2#0#0#4#11#1#3#1#7#22#4#1#20#9#0#4#14#1#0#0#2#4#0#12#2#0#2#26#4#4#1#7#2#0#0#3#2#0#0#2#0#2#0#5#6#2#1#2#0#5#1#10#2#0#3#3#0#1#1#1#4#3#11#4#8#0#2#5#3#0#4#3#3#2#0#8#8#4#0#1#0#5#0#2#1#1#1#0#8#7#0#8#7#0#2#1#0#0#0#4#4#0#1#5#3#0#0#5#11#4#0#6#1#0#1#1#5#2#0#0#4#1#1#6#8#6#0#4#4#4#4#0#5#1#2#9#3#1#1#4#2#5#3#7#1#3#1#13#2#2#3#3#0#3#0#6#0#0#0#0#1#0#1#5#4#3#4#3#0#1#5#1#4#5#0#2#4#1#0#4#3#1#0#2#5#0#0#2#2#2#3#9#0#0#0#11#0#0#0#0#5#1#3#0#0#0#0#0#0#2#0#2#0#18#1#1#1#0#0#0#3#0#0#2#4#0#1#2#1#5#1#2#7#1#6#3#2#0#5#1#1#17#0#1#11#2#4#8#7#1#8#8#8#3#3#4#2#0#1#1#2#4#12#8#0#5#2#1#0#2#0#3#3#2#1#3#1#4#4#3#0#6#5#1#2#1#0#3#0#7#1#7#1#11#1#0#9#3#2#0#0#4#3#1#4#0#0#2#7#3#1#5#1#1#10#13#5#3#23#4#11#1#1#2#0#7#2#0#4#0#5#5#1#3#11#4#8#0#3#0#9#11#0#0#2#0#4#1#0#4#1#2#0#13#5#2#3#2#0#2#1#6#0#7#5#4#0#0#1#2#1#4#0#1#1#0#0#4#2#4#3#2#10#4#1#3#2#1#0#1#0#1#0#4#7#1#4#0#2#0#3#0#0#2#1#0#0#9#3#1#11#0#1#2#7#3#5#6#0#2#4#2#5#4#5#0#11#1#0#6#11#6#3#1#0#2#0#3#4#1#4#0#9#0#8#0#0#2#10#14#9#1#0#1#0#1#3#4#1#2#5#3#1#4#0#3#3#0#0#10#10#1#5#5#0#1#2#4#2#1#11#1#2#2#1#2#6#0#4#2#3#1#0#2#6#7#6#4#1#3#5#1#0#23#6#1#1#0#0#0#3#0#8#6#4#0#2#1#9#0#0#0#0#1#0#8#0#3#4#3#0#1#0#4#6#0#2#11#0#1#1#9#1#2#6#5#13#8#3#1#0#2#5#0#2#9#4#0#0#2#0#1#1#2#10#1#4#12#1#2#25#2#4#3#5#0#2#1#0#4#5#2#2#8#5#0#0#0#1#12#3#4#1#7#5#4#2#3#9#4#1#0#3#10#0#1#1#0#0#0#0#3#14#8#2#4#7#2#0#3#0#0#2#3#2#6#3#0#1#0#2#0#4#1#3#3#5#6#3#0#0#4#1#4#0#0#0#6#12#8#0#1#7#7#1#16#2#0#3#2#1#0#0#2#1#11#1#9#5#1#0#0#1#2#4#4#2#0#12#0#0#7#0#1#4#3#6#5#3#2#1#0#2#2#3#9#6#1#2#0#3#3#0#0#3#4#0#6#10#1#0#2#4#2#14#8#0#5#1#3#11#2#0#1#0#12#0#2#0#0#0#0#6#2#6#2#6#2#2#1#1#0#6#3#4#1#1#6#7#2#6#11#1#5#0#3#1#0#5#1#4#8#2#1#0#1#10#2#4#2#1#2#16#3#1#0#1#1#2#0#3#6#1#0#0#3#5#6#2#2#1#0#1#0#5#0#2#0#0#0#8#1#0#0#2#2#0#1#0#1#2#9#5#3#13#9#3#7#6#11#0#0#0#6#0#4#0#2#11#5#6#3#4#5#0#2#4#1#8#0#2#6#2#2#0#2#0#1#4#2#4#2#9#0#5#0#9#0#5#2#2#0#1#4#10#4#0#1#6#1#0#0#1#7#5#0#2#0#4#2#10#0#10#5#8#1#8#6#10#1#0#3#3#0#0#1#2#2#4#14#1#3#1#1#1#1#0#0#2#1#0#12#0#2#1#0#7#1#1#3#1#2#1#7#1#7#0#0#0#6#2#4#1#2#0#2#0#3#0#3#16#4#1#2#4#2#3#2#2#6#0#3#1#0#0#1#9#6#0#0#1#5#1#1#4#1#11#1#0#2#0#2#1#5#1#1#2#3#0#3#4#3#4#5#1#6#6#4#2#13#1#6#5#14#3#0#0#3#6#2#12#1#3#2#13#0#3#2#3#4#12#0#1#0#0#2#2#2#4#0#0#0#10#0#2#3#1#6#2#0#0#2#8#2#6#0#4#6#0#2#0#0#3#0#4#4#6#2#0#3#5#1#0#3#1#3#0#1#3#3#10#3#6#15#3#8#0#2#2#3#1#0#0#8#4#5#0#3#0#1#0#1#0#3#2#3#1#1#5#4#1#3#2#0#3#1#0#2#2#3#1#3#0#4#6#1#3#2#2#0#1#0#2#1#1#0#1#2#10#6#3#0#5#2#5#10#7#2#12#5#3#2#0#0#2#0#7#0#2#2#1#0#0#1#3#6#3#6#5#1#2#2#7#1#6#4#10#11#1#3#0#2#6#0#3#1#2#5#2#4#7#1#3#2#2#4#2#7#3#0#8#8#6#4#1#0#2#2#5#1#8#1#0#2#0#0#0#1#0#5#5#0#7#3#1#3#1#8#0#3#6#2#0#2#3#5#1#1#4#0#1#0#2#2#1#1#0#4#2#4#1#0#2#7#2#7#3#0#8#3#1#1#1#0#0#3#7#4#0#7#5#2#0#0#4#2#7#0#2#1#10#1#1#9#8#3#2#3#0#7#3#3#0#1#1#0#0#8#2#1#0#5#1#0#2#0#5#4#7#1#0#4#0#8#1#0#5#0#6#1#0#1#1#0#2#11#5#4#9#2#8#0#3#0#1#0#2#6#0#4#4#0#6#6#0#1#4#3#3#0#4#0#2#0#4#5#0#17#1#4#6#3#1#2#1#1#2#1#0#5#6#8#5#3#4#4#2#2#3#3#1#2#4#4#4#5#3#2#3#0#5#7#2#3#3#0#0#2#2#5#3#0#6#1#11#3#1#2#1#2#4#1#3#0#0#2#0#1#5#2#4#4#5#10#3#2#0#5#2#2#8#3#20#0#7#5#4#1#2#2#1#0#0#5#0#1#9#3#0#0#0#3#7#3#0#1#0#4#4#15#5#4#8#2#0#2#0#2#1#2#6#0#0#0#0#0#5#0#3#0#9#2#11#2#1#2#3#5#2#0#3#2#8#0#5#0#1#2#14#0#1#0#0#12#1#3#1#0#0#1#5#1#3#0#1#4#0#2#2#2#3#4#0#0#0#3#2#0#3#7#5#0#1#0#0#0#10#5#3#5#0#7#5#1#13#1#3#5#6#0#0#0#4#3#5#0#1#1#2#0#1#4#8#5#1#1#2#5#5#9#0#1#7#0#2#1#0#1#1#2#3#9#0#2#2#2#1#5#6#5#2#0#8#0#5#4#2#1#1#0#0#6#3#1#4#0#0#0#3#9#1#0#2#1#0#1#0#6#1#5#2#0#0#0#2#6#1#3#4#5#7#1#1#2#4#0#3#5#0#4#0#0#1#0#0#1#14#2#0#2#3#4#2#8#0#1#3#2#2#0#0#1#3#1#1#0#2#4#0#2#3#1#5#0#2#1#15#1#0#0#2#0#4#3#0#1#1#7#8#1#5#6#0#3#0#0#1#3#3#4#4#7#1#4#5#1#1#3#4#1#2#1#0#2#10#5#5#2#9#1#3#1#15#1#1#1#3#3#2#1#4#16#0#1#5#0#1#1#1#1#13#0#0#7#3#4#6#5#0#1#4#1#1#0#2#5#3#3#1#2#1#7#1#3#0#3#0#11#0#2#3#15#3#1#0#1#2#8#2#1#4#3#0#12#2#5#0#2#1#1#10#0#6#0#4#5#5#0#3#0#9#0#4#3#11#11#1#0#1#2#6#2#8#4#3#6#0#0#2#0#6#1#2#0#5#0#1#1#7#0#1#3#2#3#0#3#0#2#5#0#0#2#11#0#5#9#16#5#0#2#5#3#4#1#2#4#4#1#3#7#9#0#3#0#0#0#0#4#1#9#0#5#0#0#1#1#0#2#1#6#0#2#0#12#1#1#0#1#0#0#4#0#0#4#0#0#3#2#2#0#0#5#0#1#15#5#0#1#3#7#1#4#14#1#1#1#1#5#1#10#1#10#3#0#0#10#0#0#1#2#1#2#1#2#4#0#1#0#7#5#0#0#4#0#2#5#3#0#6#3#0#0#2#1#3#2#3#4#1#1#0#8#1#4#2#0#6#3#1#5#0#0#1#2#5#2#4#1#3#4#4#1#0#7#4#3#1#2#6#2#0#3#3#2#3#4#6#3#3#7#4#0#2#2#1#3#4#0#1#3#4#0#4#3#1#7#1#10#0#2#1#4#7#0#0#0#7#3#1#7#0#2#4#3#10#1#1#1#4#0#2#0#7#2#6#2#7#0#3#0#0#6#5#4#1#0#2#5#1#2#2#2#3#0#1#0#6#6#0#1#0#0#0#1#3#4#13#7#5#1#3#1#1#3#0#0#1#0#4#0#2#1#0#0#0#2#3#6#4#0#6#2#0#2#0#0#2#4#3#0#2#0#1#11#0#1#7#10#3#2#2#9#2#2#1#1#3#13#5#2#2#5#1#0#1#4#3#1#4#1#4#10#2#1#7#0#4#7#0#1#1#0#0#11#1#4#1#1#0#5#8#0#5#2#0#1#0#9#2#0#0#2#2#3#2#10#0#3#0#0#5#8#3#11#2#0#0#4#4#1#3#1#5#3#2#1#0#10#12#5#2#2#6#0#3#3#4#2#4#0#5#2#3#2#0#2#16#5#1#3#0#5#0#11#0#0#5#6#0#3#1#7#0#4#1#4#0#4#0#0#3#2#3#2#1#0#10#13#1#1#0#1#7#4#0#0#1#1#3#0#9#0#1#2#2#0#11#4#2#1#6#6#1#0#2#2#2#0#2#0#6#8#0#0#5#0#3#1#1#2#1#0#0#3#4#1#2#3#2#5#0#0#5#5#0#0#5#5#0#0#2#2#4#11#1#0#1#14#1#13#0#3#5#2#2#0#2#2#2#2#0#4#8#10#3#7#15#2#4#6#0#0#0#8#1#0#1#3#2#4#1#0#5#0#2#1#4#0#15#6#1#1#6#1#2#4#1#9#0#3#3#4#0#0#1#4#9#3#1#8#0#3#0#1#12#3#1#0#6#2#3#5#1#0#1#0#4#0#0#3#0#8#1#2#1#15#7#0#4#0#1#1#2#4#1#9#0#0#1#0#5#9#3#4#0#6#0#1#0#9#9#0#3#0#5#4#0#2#6#3#12#1#3#4#2#2#3#9#0#0#10#2#0#0#7#2#0#5#1#0#5#5#0#1#1#2#0#1#2#4#2#2#12#0#8#1#3#5#2#4#0#1#0#1#14#3#10#6#2#6#2#6#7#0#0#3#1#1#0#1#5#2#4#1#0#6#0#3#1#5#5#7#1#0#3#5#1#2#6#1#0#2#2#7#8#4#1#1#5#2#0#0#1#1#10#1#3#0#5#3#10#0#1#0#5#0#5#1#2#0#2#2#6#2#4#0#2#1#6#0#4#6#0#0#7#6#1#3#1#4#4#0#14#3#3#1#1#0#0#6#3#2#0#1#7#0#8#4#2#2#3#2#1#0#1#6#0#0#2#1#1#0#10#8#5#4#12#5#9#1#2#2#0#4#2#11#2#1#2#2#0#5#2#0#3#2#1#0#0#0#1#0#0#6#0#3#4#3#0#0#10#0#4#2#0#0#0#0#0#4#2#0#3#5#0#2#5#11#2#5#3#1#2#1#0#0#1#0#4#0#0#3#2#3#5#0#11#9#6#0#0#7#0#1#0#0#0#1#0#0#2#0#5#2#1#2#0#11#0#1#0#2#0#6#1#0#0#1#3#6#2#3#0#0#7#1#11#0#6#2#3#4#3#0#2#0#1#2#1#2#11#1#0#1#0#1#1#2#6#5#0#0#3#2#1#1#0#1#5#5#0#0#10#4#4#2#0#9#3#0#13#0#2#0#5#0#5#3#2#0#5#0#5#2#1#1#3#1#5#0#1#4#16#2#2#1#5#3#4#3#11#1#3#27#8#6#0#1#4#3#2#4#6#1#1#5#0#3#6#3#4#2#3#2#4#0#3#0#1#1#4#11#1#1#0#2#9#1#1#0#5#0#2#8#4#3#3#2#8#0#9#8#14#0#3#3#0#9#3#0#0#0#3#1#4#0#1#1#1#5#8#4#3#1#5#0#0#12#2#0#3#13#0#0#11#3#1#1#3#3#4#6#3#0#0#6#1#2#3#5#1#5#1#0#1#4#4#0#2#0#0#1#0#2#1#0#4#0#2#2#5#1#3#0#14#1#7#2#1#9#0#1#2#5#11#4#0#6#5#0#0#0#0#0#1#1#2#7#7#2#4#0#8#1#1#3#7#1#2#0#2#13#3#11#1#1#1#11#4#5#0#0#0#3#0#4#5#0#0#0#1#10#12#0#0#5#0#6#21#1#1#7#0#1#0#2#0#5#3#2#5#1#11#3#0#1#6#1#5#4#2#0#2#1#0#16#5#1#0#0#1#1#9#1#3#1#10#8#1#0#0#1#0#1#2#2#1#0#0#7#8#9#4#6#0#0#5#7#2#3#1#3#1#4#0#1#1#2#9#1#2#1#1#7#6#14#3#3#4#2#2#8#3#3#1#0#3#0#1#20#1#1#0#2#3#1#2#1#3#1#0#0#0#7#3#0#2#15#0#0#0#1#0#0#2#2#1#4#1#0#4#0#8#0#2#2#1#1#1#0#1#9#6#3#8#1#3#1#1#6#3#2#2#13#0#2#0#0#1#0#10#5#0#3#0#0#1#0#4#6#1#1#0#3#0#0#4#0#0#0#5#4#3#3#4#2#1#3#0#1#2#8#5#0#6#0#1#0#0#5#0#1#9#0#2#2#6#1#1#0#3#15#0#2#0#0#6#5#4#1#1#0#0#0#4#0#1#4#0#2#12#0#0#0#1#2#8#0#11#6#4#0#5#1#6#0#1#6#1#2#0#2#0#0#8#0#0#4#3#13#4#3#0#1#6#0#2#3#2#2#2#2#0#0#4#3#3#5#5#4#0#1#8#3#0#5#8#0#4#7#0#7#0#8#0#2#1#1#0#1#0#1#2#1#0#0#0#0#1#0#2#0#1#10#7#8#2#5#3#1#4#1#5#1#1#0#0#0#1#1#2#3#0#4#2#2#7#4#1#5#4#3#1#8#0#8#6#0#0#2#5#9#2#7#1#0#8#18#2#2#11#3#2#3#0#2#1#5#1#5#5#3#4#0#1#1#1#1#1#3#4#4#3#2#1#7#8#0#5#2#2#6#4#0#3#1#1#8#0#6#4#0#5#0#5#1#22#1#4#0#4#0#5#10#5#2#1#6#0#17#2#3#0#19#1#3#3#0#6#0#3#5#0#4#0#5#10#7#0#9#0#0#2#3#0#4#6#0#2#0#8#0#0#1#1#0#5#1#19#4#4#8#4#8#0#3#4#5#1#1#0#0#1#3#3#2#2#6#0#0#0#0#0#2#4#3#5#1#3#1#4#6#7#1#2#0#1#1#2#6#2#5#5#6#3#1#1#0#8#1#6#8#4#4#5#3#10#0#0#7#2#2#3#11#4#13#1#0#0#1#15#1#3#0#1#3#3#6#9#0#2#0#7#11#2#1#5#3#4#10#1#0#3#2#0#0#1#0#3#5#1#0#1#6#2#3#15#0#0#4#4#3#0#3#0#6#3#0#7#0#2#1#1#8#15#3#4#6#0#0#7#1#1#1#6#8#0#1#1#3#2#14#4#3#1#1#4#10#3#0#0#3#2#0#0#2#0#11#6#3#1#1#0#3#7#0#0#2#1#0#0#1#2#0#1#1#20#8#1#5#0#2#1#5#3#6#1#0#4#1#0#1#3#0#3#1#1#5#1#1#1#4#0#1#3#3#17#2#8#2#0#1#5#0#4#3#1#4#1#2#3#0#2#0#1#1#1#1#1#2#2#0#0#2#9#2#3#6#4#0#6#0#5#1#1#1#2#6#1#3#13#3#1#5#6#5#6#7#3#0#2#1#3#2#7#2#2#0#6#0#0#8#0#1#0#8#3#0#0#3#0#1#1#10#0#0#4#0#0#9#3#1#2#1#10#1#0#4#0#0#1#0#5#1#15#5#1#0#3#1#1#1#0#1#0#0#3#0#0#0#2#0#1#9#1#5#3#5#3#5#2#0#5#0#6#1#4#2#2#7#0#3#1#0#4#3#0#1#3#2#1#1#7#2#6#1#10#1#1#1#1#4#1#9#1#9#0#14#1#2#0#4#2#8#6#0#0#0#3#3#1#0#6#8#4#2#6#2#1#2#2#0#1#14#8#0#3#1#4#0#2#2#6#1#0#4#6#0#6#0#1#5#0#2#0#7#1#5#10#1#0#9#1#2#0#8#7#1#8#0#0#1#7#0#1#1#0#7#4#1#2#0#7#13#2#6#1#1#5#3#4#2#5#4#4#1#3#8#11#6#6#3#1#0#0#2#4#1#9#2#1#8#0#1#7#8#1#0#4#0#1#2#0#11#1#5#1#9#7#1#0#4#2#0#2#2#2#5#5#1#1#9#11#1#4#4#0#0#1#9#8#2#3#5#19#4#1#1#4#5#0#0#4#1#6#1#0#10#0#2#7#2#0#3#5#2#1#1#0#1#1#0#4#4#1#0#2#9#2#1#2#5#0#7#0#1#0#1#2#6#1#7#1#14#1#1#0#7#0#1#9#2#0#0#2#2#6#1#2#5#1#2#2#1#0#0#1#0#0#2#1#3#11#5#2#0#0#5#0#1#2#3#3#4#1#13#6#1#0#1#7#1#2#0#2#12#0#1#0#0#0#0#1#6#1#1#2#2#8#1#2#1#3#0#1#1#0#6#4#6#5#0#4#2#3#0#0#1#0#1#1#1#0#3#1#2#1#3#0#0#2#0#2#3#2#0#1#0#2#4#6#3#6#1#1#5#2#1#5#0#1#4#0#4#0#1#1#1#3#0#4#1#1#1#9#10#5#2#0#2#16#1#3#1#2#0#0#6#3#1#2#1#3#0#0#0#0#1#3#1#2#9#3#4#3#3#0#4#1#3#8#0#6#1#3#0#1#2#0#6#5#8#6#0#3#0#0#2#8#2#0#0#0#0#7#0#6#5#1#0#3#13#3#6#7#4#1#4#0#4#5#5#2#0#1#0#3#1#18#1#0#0#3#8#5#2#5#2#0#0#0#0#0#0#2#5#5#5#3#1#0#0#0#4#1#2#3#1#2#0#1#1#10#1#6#0#3#1#10#1#14#6#0#5#0#3#0#1#2#3#0#0#4#1#4#5#2#12#3#14#3#0#5#3#0#1#3#0#5#0#10#4#1#5#0#0#5#1#2#0#1#0#15#4#0#0#0#2#5#0#0#1#3#0#0#0#3#3#9#0#10#0#0#1#2#7#7#1#3#1#16#0#5#2#2#1#0#3#1#3#2#5#0#2#1#3#0#0#2#3#0#0#2#2#6#5#2#1#0#0#2#0#9#3#4#2#0#12#1#5#4#1#3#10#1#8#3#4#15#3#1#3#2#0#0#1#1#1#0#1#2#3#0#4#3#0#4#1#2#2#1#0#2#0#1#0#2#0#3#2#2#5#3#6#1#0#1#2#6#0#4#2#3#3#1#0#3#0#8#0#0#0#13#3#4#5#0#3#6#2#4#2#1#1#0#0#4#0#2#1#1#1#0#0#0#4#6#2#4#11#6#2#2#1#3#0#9#3#0#3#0#2#4#1#1#2#0#1#5#7#1#6#0#1#2#2#3#2#5#0#3#1#4#1#3#6#3#3#0#1#0#0#9#0#0#5#2#0#3#1#0#0#2#1#0#1#2#2#0#0#0#1#0#0#2#2#2#4#3#0#4#2#4#1#2#1#5#3#3#10#2#1#13#0#0#3#3#8#0#4#0#0#1#9#0#10#1#1#0#1#10#4#4#5#0#0#4#6#3#5#0#1#6#1#6#1#1#1#3#8#1#2#1#11#0#0#9#1#0#6#6#3#7#6#0#0#4#0#1#7#9#0#0#2#3#0#1#7#2#3#4#3#2#9#5#1#0#0#2#2#0#6#1#6#13#5#1#1#0#1#0#7#1#1#3#0#7#0#3#0#0#0#1#0#2#5#1#15#5#1#11#1#0#1#1#3#4#0#0#1#3#4#2#6#2#5#1#0#1#0#1#0#17#0#2#0#1#7#5#3#0#0#1#1#1#0#4#3#7#1#0#0#1#0#4#0#1#0#1#1#0#7#0#2#8#0#1#2#6#1#10#0#4#1#7#4#2#0#11#15#2#2#1#4#2#2#8#4#1#2#4#3
735,-1,9,0.4704830907596293,0.9196360812507214,56,0.44095510281802747,0.9854847304542749,0,0,0,0,
736,-1,9,0.7467541475410617,0.9680741578325603,56,0.4160361151532239,0.9844615722577889,0,0,0,0,
737,-1,9,0.6807372544908731,0.9581691166948201,56,0.5086537760093154,0.9880013558710801,0,0,0,0,
738,-1,9,0.6412929859072165,0.9518353549995773,56,0.6638054957385439,0.9927094541142241,0,0,0,0,
739,-1,9,0.4341250461355185,0.9114544769909493,56,0.6672665230340333,0.9928016451599045,0,0,0,0,
740,-1,9,0.3995081075617451,0.9030775921412506,56,0.7485698788710415,0.9948420850874994,0,0,0,0,
741,-1,9,0.3454554891001001,0.8886080292144625,56,0.7710342615222467,0.9953675048903644,0,0,0,0,
742,-1,9,0.7431843082865569,0.967558856,56,0.6710970934096109,0.9929031337369499,0,0,0,0,
743,-1,9,0.7200281307240021,0.9641618436981405,56,0.7770828698624334,0.9955064072378027,0,0,0,0,
744,-1,9,0.4366091795566278,0.912032507,56,0.7395879793240283,0.9946276608986933,0,0,0,0,
745,-1,9,0.41517759533825566,0.9069462416962355,56,0.7889667751735425,0.9957762475775183,0,0,0,0,
746,-1,9,0.6300344493159717,0.949963992,56,0.827879829,0.9966326951894041,0,0,0,0,
747,-1,9,0.6097255736040954,0.9465118284440716,56,0.5862101624356602,0.990508246,0,0,0,0,
748,-1,9,0.7116670004747409,0.9629113686729174,56,0.46077001364582365,0.986258569,0,0,0,0,
749,-1,9,0.40213420203940886,0.9037352528711621,56,0.612766267,0.9912922109390591,0,0,0,0,
750,-1,9,0.6066726264341049,0.9459840679739547,56,0.5272705765606401,0.9886357551296658,0,0,0,0,
751,-1,9,0.4050959306034249,0.9044724024260422,56,0.6774937575231216,0.9930713477726753,0,0,0,0,
752,-1,9,0.5253778813287908,0.9309820540102502,56,0.3566259534332074,0.981756539,0,0,0,0,
753,-1,9,0.4195854851009313,0.9080111087559362,56,0.5627179477623776,0.9897850881521876,0,0,0,0,
754,-1,9,0.3545852506841366,0.8911872468053222,56,0.6177045872728987,0.9914343079946121,0,0,0,0,
755,-1,9,0.4100786467242171,0.9057018180446867,56,0.7865293382652373,0.9957212291559427,0,0,0,0,
756,-1,9,0.520927437,0.9301024825013692,56,0.5531235849650842,0.9894811812872316,0,0,0,0,
757,-1,9,0.7088574269909407,0.9624882417899924,56,0.5381935435813637,0.9889978103396104,0,0,0,0,
758,-1,9,0.8509459739840818,0.9822257875235646,56,0.34531685248518323,0.9811917519806225,0,0,0,0,
759,-1,9,0.6915290483188389,0.9598451143214511,56,0.796772789,0.99595133,0,0,0,0,
760,-1,9,0.7082545731909221,0.9623972566968081,56,0.4533295218650217,0.9859718953270671,0,0,0,0,
761,-1,9,0.68051289,0.9581340222517362,56,0.7504842893605225,0.9948874608563493,0,0,0,0,
762,-1,9,0.7830436117724033,0.9731917955711387,56,0.5340060920556471,0.9888598725201416,0,0,0,0,
763,-1,9,0.48640061564253745,0.9230422249027581,56,0.6043052811024135,0.991046117,0,0,0,0,
764,-1,9,0.5157053637251802,0.9290618512040287,56,0.6674106370213436,0.9928054737176478,0,0,0,0,
765,-1,9,0.7030839265932907,0.9616140422408447,56,0.5552238374425348,0.9895481482054305,0,0,0,0,
766,-1,9,0.7773072990651158,0.9723970629622974,56,0.61163786,0.9912595839151448,0,0,0,0,
767,-1,9,0.4543357665542015,0.9160744482168491,56,0.7911634587574827,0.9958256888243192,0,0,0,0,
768,-1,9,0.6724072368185185,0.956859212,56,0.734666273,0.9945090781358147,0,0,0,0,
769,-1,9,0.2949561827421332,0.873140568,56,0.5892058297563498,0.9905984078644606,0,0,0,0,
770,-1,9,0.6167656311891762,0.9477199401452001,56,0.521834504,0.988452815,0,0,0,0,
771,-1,9,0.6832892150605069,0.9585675646541884,56,0.5451695302743557,0.9892252807207594,0,0,0,0,
772,-1,9,0.6854966000646251,0.958911147,56,0.669959899,0.9928730639855035,0,0,0,0,
773,-1,9,0.6004552218121397,0.9449019303619736,56,0.46071000169060017,0.9862562747631006,0,0,0,0,
774,-1,9,0.823675729,0.9786774583791391,56,0.7129439344618014,0.9939762073909509,0,0,0,0,
775,-1,9,0.6590862571387001,0.9547341845696797,56,0.7188763275692552,0.9941233010640649,0,0,0,0,
776,-1,9,0.6707019200492093,0.956589271,56,0.800909211,0.9960434250442808,0,0,0,0,
777,-1,9,0.5473286536630529,0.9352257694583487,56,0.45759242164735053,0.9861367001538541,0,0,0,0,
778,-1,9,0.7510527648447974,0.9686917599186503,56,0.44326179256228443,0.9855765517592447,0,0,0,0,
779,-1,9,0.4723668631690744,0.9200444818105591,56,0.5777867932574964,0.9902522781210297,0,0,0,0,
780,-1,9,0.7233740506102194,0.9646586398797453,56,0.6413707443644976,0.9921001618071732,0,0,0,0,
781,-1,9,0.43581121883239676,0.9118471501030343,56,0.7252685285707616,0.9942804672272175,0,0,0,0,
782,-1,9,0.6666610078119043,0.955947177,56,0.7428697620677316,0.9947063016916746,0,0,0,0,
783,-1,9,0.8506937271674712,0.9821934319015896,56,0.6366407866024123,0.9919690344645421,0,0,0,0,
784,-1,9,0.7629046818284668,0.9703784477792726,56,0.5883507082820871,0.9905727169192101,0,0,0,0,
785,-1,9,0.7744704126557247,0.9720021004916316,56,0.6371582120989413,0.9919834254382602,0,0,0,0,
786,-1,9,0.6271997850122815,0.9494881403810708,56,0.585902717,0.9904989671139409,0,0,0,0,
787,-1,9,0.6129396668952493,0.9470649139810933,56,0.5047606054555827,0.9878658093985957,0,0,0,0,
788,-1,9,0.6455287144457615,0.9525318523636611,56,0.4014864933282316,0.9838359668409046,0,0,0,0,
789,-1,9,0.6300693605660385,0.9499698411419951,56,0.6817993163457537,0.9931836956472843,0,0,0,0,
790,-1,9,0.6101211409543397,0.9465800378665536,56,0.6223842839474147,0.9915679374301642,0,0,0,0,
791,-1,9,0.4914080131757363,0.9240932623697954,56,0.55985996,0.989695095,0,0,0,0,
792,-1,9,0.6736890759400281,0.9570617180262283,56,0.6126150145426129,0.9912878410273466,0,0,0,0,
793,-1,9,0.5355278388348621,0.9329635410821865,56,0.7391631217834046,0.9946174550638713,0,0,0,0,
794,-1,9,0.5316785542454429,0.9322160403783363,56,0.6335661172018175,0.9918832820975125,0,0,0,0,
795,-1,9,0.6031296774970752,0.9453686336319536,56,0.46915713124596187,0.9865763133962719,0,0,0,0,
796,-1,9,0.6294456430717363,0.9498653070324856,56,0.6321918991568712,0.9918448229856913,0,0,0,0,
797,-1,9,0.7456705587867062,0.967917975,56,0.6767467736174274,0.9930517848551594,0,0,0,0,
798,-1,9,0.7381722085679618,0.9668316400914351,56,0.7678903981729096,0.9952948848492938,0,0,0,0,
799,-1,9,0.3689862000996194,0.8951380407882378,56,0.6026563789746073,0.9909977632339619,0,0,0,0,
800,-1,9,0.6689838341287286,0.956316691,56,0.4228478090982964,0.9847471119663896,0,0,0,0,
801,-1,9,0.544173435,0.9346251898028247,56,0.5373368475265647,0.9889696760927706,0,0,0,0,
802,-1,9,0.6643938677473289,0.9555854156090962,56,0.6197670296886084,0.9914933234584219,0,0,0,0,
803,-1,9,0.6639840365624295,0.9555199029113114,56,0.5988771752312878,0.9908864476202328,0,0,0,0,
804,-1,9,0.4909145266947941,0.9239901050059163,56,0.5548126871465319,0.9895350582133235,0,0,0,0,
805,-1,9,0.46103854140508105,0.9175663331536518,56,0.7029509977881871,0.9937256930788267,0,0,0,0,
806,-1,9,0.5656307118693327,0.9386499572037644,56,0.7880907283350553,0.995756492,0,0,0,0,
807,-1,9,0.7360008245707946,0.9665152260484986,56,0.6775935141882607,0.9930739587172241,0,0,0,0,
808,-1,9,0.6906225305704244,0.9597052272122201,56,0.6965531460722643,0.9935634612584883,0,0,0,0,
809,-1,9,0.5449556782777191,0.9347743738448036,56,0.6909911548433599,0.993421231,0,0,0,0,
810,-1,9,0.7090679176303741,0.9625199936746012,56,0.655188345,0.9924778530367322,0,0,0,0,
811,-1,9,0.5709209614342688,0.9396213746359129,56,0.7273120129499404,0.9943304238617328,0,0,0,0,
812,-1,9,0.6900242339661757,0.9596128130733087,56,0.5633044699505461,0.9898035011441394,0,0,0,0,
813,-1,9,0.9004000151224302,0.9884103332988168,56,0.6558100523209132,0.9924946623707707,0,0,0,0,
814,-1,9,0.4566518479691907,0.916592154,56,0.6586638927864233,0.992571622,0,0,0,0,
815,-1,9,0.6302232976195159,0.9499956266067486,56,0.4887987015404462,0.9872991219534886,0,0,0,0,
816,-1,9,0.4362354482327315,0.9119457312977639,56,0.8994982274045079,0.9981103912015158,0,0,0,0,
817,-1,9,0.7441092519129695,0.9676925813065572,56,0.7460751214968778,0.9947827824733927,0,0,0,0,
818,-1,9,0.7142359369045651,0.9632969576447974,56,0.6407447359805476,0.9920828617816939,0,0,0,0,
819,-1,9,0.7121634772120963,0.9629859845526141,56,0.5615268652509936,0.9897476378111549,0,0,0,0,
820,-1,9,0.7405653575397213,0.9671794127576061,56,0.6579795079667684,0.992553196,0,0,0,0,
821,-1,9,0.47829010231408325,0.9213192700946058,56,0.763534883,0.9951937928933118,0,0,0,0,
822,-1,9,0.6769196698875032,0.9575705759081451,56,0.7836173703668847,0.9956552795507105,0,0,0,0,
823,-1,9,0.6572979929553973,0.9544460113121145,56,0.4172330517726118,0.9845120776813613,0,0,0,0,
824,-1,9,0.6739162215274638,0.9570975670360018,56,0.6901917873693464,0.9934006972605085,0,0,0,0,
825,-1,9,0.4610272158796771,0.9175638286548489,56,0.4424954252556589,0.9855460975029039,0,0,0,0,
826,-1,9,0.43506912694347727,0.9116745,56,0.7001837779508204,0.9936557027506672,0,0,0,0,
827,-1,9,0.562581778,0.9380864248149475,56,0.8224464977239487,0.9965155162596763,0,0,0,0,
828,-1,9,0.6259460827414903,0.9492770727254812,56,0.7033089170157061,0.9937347260349909,0,0,0,0,
829,-1,9,0.7089377822484471,0.9625003641296082,56,0.660168665,0.99261207,0,0,0,0,
830,-1,9,0.5953482348586296,0.9440055842548389,56,0.3187227474746646,0.9797885865034017,0,0,0,0,
831,-1,9,0.4215322671439867,0.908478254,56,0.5865474708806888,0.9905184207180814,0,0,0,0,
832,-1,9,0.7170156946271846,0.9637128039960727,56,0.5091856093227828,0.9880197932799467,0,0,0,0,
833,-1,9,0.6516772611670515,0.9535356878057728,56,0.46450982677976027,0.9864009468396104,0,0,0,0,
834,-1,9,0.4986337699640245,0.9255932685787985,56,0.36543746684645173,0.9821845325298932,0,0,0,0,
835,-1,9,0.576699954,0.9406734351213512,56,0.5885598146839133,0.9905790026184416,0,0,0,0,
836,-1,9,0.40504249231950956,0.9044591445822802,56,0.5615779843231367,0.9897492467126517,0,0,0,0,
837,-1,9,0.6064490052510703,0.9459453180359435,56,0.6332961449137555,0.9918757330756889,0,0,0,0,
838,-1,9,0.647623996,0.9528748872109585,56,0.4725103857064725,0.9867017923898594,0,0,0,0,
839,-1,9,0.7641107605469596,0.970548781,56,0.39855461699598577,0.98370721,0,0,0,0,
840,-1,9,0.6274379698726673,0.9495281977110287,56,0.548439449,0.9893309227019669,0,0,0,0,
841,-1,9,0.7014279343623923,0.9613621211813913,56,0.801966758,0.9960668956989528,0,0,0,0,
842,-1,9,0.3853457390238993,0.8994631918225501,56,0.3470428976458722,0.9812791167697813,0,0,0,0,
843,-1,9,0.6802711916810884,0.9580962050700167,56,0.4483589218452299,0.9857777975926385,0,0,0,0,
844,-1,9,0.5006180036754267,0.9260017967078426,56,0.628617059,0.9917443909633438,0,0,0,0,
845,-1,9,0.4624064960234864,0.9178684377948891,56,0.6312946653055579,0.9918196685089476,0,0,0,0,
846,-1,9,0.3272769044525854,0.8832867312913916,56,0.533666202,0.9888486297106156,0,0,0,0,
847,-1,9,0.8071653006270617,0.9764780788834541,56,0.4581275900049608,0.9861572832827921,0,0,0,0,
848,-1,9,0.5037936827209775,0.9266526426291231,56,0.7511149404775127,0.9949023837945661,0,0,0,0,
849,-1,9,0.43043418211867274,0.910590201,56,0.8519124443879591,0.9971421001247776,0,0,0,0,
850,-1,9,0.518844568,0.9296885344248428,56,0.6234015435774821,0.991596855,0,0,0,0,
851,-1,9,0.7043081316612421,0.9617999379836579,56,0.48493467395747697,0.9871592075625583,0,0,0,0,
852,-1,9,0.3514270067508971,0.8903017705281946,56,0.7871427704819216,0.9957350914502026,0,0,0,0,
853,-1,9,0.7170940798668726,0.9637245094874155,56,0.4122317781758378,0.9843000931570297,0,0,0,0,
854,-1,9,0.5572013705571408,0.9370853118341416,56,0.5764380747562359,0.9902109534083717,0,0,0,0,
855,-1,9,0.3690992616600152,0.8951685122451389,56,0.49010191300358275,0.9873460656831204,0,0,0,0,
856,-1,9,0.6339945051329878,0.9506255864462443,56,0.6573196568916574,0.9925354130479725,0,0,0,0,
857,-1,9,0.44271849121157797,0.913441737,56,0.7152313068720604,0.9940330646773328,0,0,0,0,
858,-1,9,0.6856014487549992,0.9589274424935037,56,0.7215987507034911,0.9941904048886958,0,0,0,0,
859,-1,9,0.37067024555722194,0.895591055,56,0.6581676650627031,0.9925582641110556,0,0,0,0,
860,-1,9,0.5535747722145591,0.9364056646284439,56,0.6492014305404101,0.9923151761337319,0,0,0,0,
861,-1,9,0.8344072741691242,0.9800861031379536,56,0.48477481525641747,0.9871533956037302,0,0,0,0,
862,-1,9,0.31749128171927854,0.8803124968724189,56,0.37789980286555497,0.9827728602909896,0,0,0,0,
863,-1,9,0.7407899880078639,0.9672120047765214,56,0.4741807462180004,0.9867639714174073,0,0,0,0,
864,-1,9,0.6563964171251555,0.9543004608080503,56,0.5577929091468927,0.9896297260259499,0,0,0,0,
865,-1,9,0.6269732142710857,0.9494500237334917,56,0.5808521655513663,0.9903458498061123,0,0,0,0,
866,-1,9,0.35182966154303713,0.8904150552684074,56,0.556960699,0.9896033406541276,0,0,0,0,
867,-1,9,0.5155193118438569,0.9290246030991105,56,0.8604887410157323,0.9973204758568209,0,0,0,0,
868,-1,9,0.4205354609928349,0.9082393027292616,56,0.7828337473293422,0.9956374911266315,0,0,0,0,
869,-1,9,0.5612641808658045,0.9378420536945191,56,0.5869504751922644,0.9905305695511396,0,0,0,0,
870,-1,9,0.47177851114122527,0.9199170832027467,56,0.5744609915667132,0.9901502036569443,0,0,0,0,
871,-1,9,0.7920536133397535,0.9744296917618525,56,0.6678453780572029,0.9928170182079888,0,0,0,0,
872,-1,9,0.32145614729039235,0.8815272631939556,56,0.724325931,0.9942573771303295,0,0,0,0,
873,-1,9,0.7085441432211756,0.962440968,56,0.5301148141841809,0.9887307352600478,0,0,0,0,
874,-1,9,0.48096957791754213,0.9218913374738308,56,0.4935186599851756,0.9874685626317115,0,0,0,0,
875,-1,9,0.744790326,0.9677909542563911,56,0.8092549906085257,0.9962278251078662,0,0,0,0,
876,-1,9,0.542338121,0.9342744218402711,56,0.4684390700451836,0.9865493290177424,0,0,0,0,
877,-1,9,0.19946840295041626,0.8360037672734446,56,0.6232280780042602,0.991591927,0,0,0,0,
878,-1,9,0.6652459966747429,0.9557215159664072,56,0.8661431977177764,0.997437129,0,0,0,0,
879,-1,9,0.6564258930015929,0.9543052222060159,56,0.6979200650272179,0.9935982451294962,0,0,0,0,
880,-1,9,0.3394079639954787,0.8868659951188154,56,0.6345963504786168,0.9919120606941892,0,0,0,0,
881,-1,9,0.41294275766171107,0.9064025003062924,56,0.6277332278846425,0.9917194740113542,0,0,0,0,
882,-1,9,0.660730184,0.9549984859001827,56,0.6006879189840103,0.9909398685041101,0,0,0,0,
883,-1,9,0.6063248284886509,0.9459237947243399,56,0.695718002,0.9935421764188845,0,0,0,0,
884,-1,9,0.6150124726598059,0.9474202393959336,56,0.44070601737351073,0.9854747870213343,0,0,0,0,
885,-1,9,0.7554515213735278,0.9693205052648873,56,0.6354972361176824,0.9919371885050334,0,0,0,0,
886,-1,9,0.6629031540550233,0.9553469481593406,56,0.6397102085088289,0.992054236,0,0,0,0,
887,-1,9,0.6156126215870751,0.9475229196605771,56,0.721290469,0.9941828186843864,0,0,0,0,
888,-1,9,0.19746425297617304,0.8350662718081684,56,0.3596412355744328,0.9819041552149883,0,0,0,0,
889,-1,9,0.6840432858232689,0.958685048,56,0.5897264444793701,0.990614031,0,0,0,0,
890,-1,9,0.7069379593197943,0.9621983085065013,56,0.37356445182150644,0.9825703854146405,0,0,0,0,
891,-1,9,0.5147902736134908,0.9288785323714962,56,0.5335107628028378,0.988843486,0,0,0,0,
892,-1,9,0.25495404548368683,0.8591150420362182,56,0.5313719133740977,0.9887725552928426,0,0,0,0,
893,-1,9,0.7150484485313696,0.9634186563867577,56,0.6182539852543536,0.9914500475526468,0,0,0,0,
894,-1,9,0.6853021225918117,0.9588809159836504,56,0.5128874386679438,0.9881476054061356,0,0,0,0,
895,-1,9,0.683925672,0.958666731,56,0.4177552872343485,0.9845340691317134,0,0,0,0,
896,-1,9,0.42204782642803174,0.9086016448008533,56,0.428275195,0.9849714073884012,0,0,0,0,
897,-1,9,0.7919510699665826,0.9744156737633262,56,0.4571020609423042,0.9861178196066982,0,0,0,0,
898,-1,9,0.7103818811301728,0.9627180119633839,56,0.5314823376880584,0.9887762241446943,0,0,0,0,
899,-1,9,0.6214098348902878,0.9485102176451429,56,0.4271258982654551,0.9849241447617988,0,0,0,0,
900,-1,9,0.6216469020843902,0.9485504170122628,56,0.6744874254468317,0.9929924849722493,0,0,0,0,
901,-1,9,0.6802642458691653,0.9580951181201315,56,0.8600065050019151,0.997310492,0,0,0,0,
902,-1,9,0.73430505,0.96626754,56,0.5663270537823324,0.989898093,0,0,0,0,
903,-1,9,0.5721833677756051,0.9398520000379295,56,0.5458547239070256,0.9892474688668231,0,0,0,0,
904,-1,9,0.6536150366614969,0.9538503119739224,56,0.4700240803095075,0.9866088389067277,0,0,0,0,
905,-1,9,0.5843312573978089,0.9420484414247281,56,0.7935442155431222,0.9958791210348351,0,0,0,0,
906,-1,9,0.7101780888626897,0.9626873211927947,56,0.6858061459793084,0.9932876243640071,0,0,0,0,
907,-1,9,0.6637692324221598,0.9554855514916941,56,0.7475282261703163,0.9948173477098227,0,0,0,0,
908,-1,9,0.6107462461866348,0.9466877474173685,56,0.8084192846380371,0.996209445,0,0,0,0,
909,-1,9,0.6374808827592008,0.9512050109582809,56,0.5101782517839687,0.9880541553183442,0,0,0,0,
910,-1,9,0.5644954698826345,0.9384404474081657,56,0.5947611386890217,0.9907644230441667,0,0,0,0,
911,-1,9,0.501694404,0.9262228118044575,56,0.5195769360125047,0.9883762908532039,0,0,0,0,
912,-1,9,0.533065506,0.9324859281834201,56,0.5478891155468659,0.9893131863291617,0,0,0,0,
913,-1,9,0.5307759359271252,0.9320400629470103,56,0.7465959360055732,0.9947951787687216,0,0,0,0,
914,-1,9,0.49333462144850404,0.9244951169624359,56,0.7091617230735832,0.9938817986317807,0,0,0,0,
915,-1,9,0.7909837268269024,0.9742833554845873,56,0.46394697580349886,0.9863795907112708,0,0,0,0,
916,-1,9,0.5364624640811071,0.9331443171736062,56,0.6574772928521196,0.9925396630146114,0,0,0,0,
917,-1,9,0.6309666772112988,0.9501200688151878,56,0.5150564453463774,0.9882220738505846,0,0,0,0,
918,-1,9,0.7278795080829433,0.9653243849431907,56,0.3533418216134769,0.9815943599421847,0,0,0,0,
919,-1,9,0.7916630529050155,0.974376292,56,0.7051274417115977,0.993780551,0,0,0,0,
920,-1,9,0.781355385,0.9729584404381854,56,0.5660776974567989,0.9898903082832817,0,0,0,0,
921,-1,9,0.7126867834333811,0.9630645826198332,56,0.7013518004079511,0.993685278,0,0,0,0,
922,-1,9,0.7881895300555178,0.9739003411318248,56,0.4885822083756119,0.9872913116241747,0,0,0,0,
923,-1,9,0.582797854,0.9417734398418807,56,0.35988498655498347,0.981916035,0,0,0,0,
924,-1,9,0.6836825310770023,0.9586288569947282,56,0.3997285726152449,0.9837588767564222,0,0,0,0,
925,-1,9,0.7636018766148895,0.9704769409581129,56,0.7281425796187746,0.9943506891603241,0,0,0,0,
926,-1,9,0.45014625759647137,0.9151319922929386,56,0.6719019750323975,0.9929243862283981,0,0,0,0,
927,-1,9,0.6466276969386611,0.9527118985086681,56,0.6210728310594152,0.9915305884878252,0,0,0,0,
928,-1,9,0.6243494435029991,0.9490077250608198,56,0.524720699,0.9885501760508182,0,0,0,0,
929,-1,9,0.7435624120768065,0.9676135388856324,56,0.4246556808541677,0.9848221376586367,0,0,0,0,
930,-1,9,0.4895761949270897,0.9237098783072852,56,0.5170418378874138,0.9882899687741253,0,0,0,0,
931,-1,9,0.7261286193941683,0.9650661026880651,56,0.7318808128620787,0.9944416195253734,0,0,0,0,
932,-1,9,0.6660377578613247,0.9558478356926104,56,0.5708282129393417,0.9900380421917272,0,0,0,0,
933,-1,9,0.5472049160390076,0.9352022746890788,56,0.7118878108252484,0.9939498948088366,0,0,0,0,
934,-1,9,0.46380606732721946,0.9181767037283832,56,0.3591024617014576,0.9818778684094566,0,0,0,0,
935,-1,9,0.4616613613793245,0.9177039779039315,56,0.7492127767302427,0.9948573358885507,0,0,0,0,
936,-1,9,0.5723961232127446,0.9398908231762048,56,0.5964902310789767,0.9908157846649568,0,0,0,0,
937,-1,9,0.7624149741976066,0.9703092186043445,56,0.37652669355867296,0.9827089795910998,0,0,0,0,
938,-1,9,0.5362868061896938,0.933110363,56,0.6754340299638519,0.9930173536968152,0,0,0,0,
939,-1,9,0.3360710780054378,0.8858929339292831,56,0.5455315490418563,0.9892370071316575,0,0,0,0,
940,-1,9,0.7550020717747962,0.9692564117408693,56,0.5130947625230445,0.9881547368064091,0,0,0,0,
941,-1,9,0.6704173500274989,0.9565441659064887,56,0.6207554234291649,0.9915215373758376,0,0,0,0,
942,-1,9,0.3538480559570031,0.8909811887285954,56,0.5912320170280316,0.9906591359779654,0,0,0,0,
943,-1,9,0.7295241622834944,0.9655664935024049,56,0.39477938402426765,0.983540038,0,0,0,0,
944,-1,9,0.4969362864789013,0.9252426301170202,56,0.6482446608755761,0.9922890422450447,0,0,0,0,
945,-1,9,0.5267878333978749,0.9312593310599186,56,0.4435101132793765,0.9855864085501145,0,0,0,0,
946,-1,9,0.6313105505389301,0.950177589,56,0.7204285836530631,0.9941615924704443,0,0,0,0,
947,-1,9,0.429365175,0.9103386453573417,56,0.5151048483050633,0.9882237321523571,0,0,0,0,
948,-1,9,0.7365152765567158,0.9665902669181935,56,0.7413356935059098,0.9946695836320183,0,0,0,0,
949,-1,9,0.6608237826879073,0.9550135165120183,56,0.3442520239205985,0.9811376408923529,0,0,0,0,
950,-1,9,0.5816532020661572,0.941567738,56,0.8041233235155955,0.9961146633478959,0,0,0,0,
951,-1,9,0.43502750426157055,0.9116648082302601,56,0.6601964733712526,0.9926128167657384,0,0,0,0,
952,-1,9,0.6491191813322436,0.9531190728471167,56,0.6323330684140152,0.9918487775558763,0,0,0,0,
953,-1,9,0.7225622181533637,0.9645382884216289,56,0.7035930871748582,0.9937418945406049,0,0,0,0,
954,-1,9,0.8055177098708098,0.976256412,56,0.7696996719955033,0.9953367128205424,0,0,0,0,
955,-1,9,0.622951729,0.9487714323140795,56,0.5457240938284468,0.9892432408755818,0,0,0,0,
956,-1,9,0.6331272401979148,0.9504810100251537,56,0.4678341853669738,0.9865265662120988,0,0,0,0,
957,-1,9,0.7434014133117839,0.9675902576331313,56,0.6796491245393624,0.993127677,0,0,0,0,
958,-1,9,0.5641518785008265,0.938376964,56,0.43222504599240913,0.9851328930410557,0,0,0,0,
959,-1,9,0.7206514663284621,0.9642545507692754,56,0.5441828299763396,0.9891932809291322,0,0,0,0,
960,-1,9,0.7351789580319448,0.9663952471624275,56,0.6538564654377803,0.9924417897414288,0,0,0,0,
961,-1,9,0.7039334998365346,0.9617430805972212,56,0.796344427,0.9959417660994362,0,0,0,0,
962,-1,9,0.7315455673140576,0.9658634,56,0.48810857494272436,0.9872742126987412,0,0,0,0,
963,-1,9,0.7595491441821586,0.9699032865840731,56,0.5272815847134215,0.9886361237037076,0,0,0,0,
964,-1,9,0.4858663879128699,0.9229295250200891,56,0.6200071658262781,0.9915001822593628,0,0,0,0,
965,-1,9,0.5527869303659774,0.9362574950170525,56,0.5775737181373829,0.9902457558083421,0,0,0,0,
966,-1,9,0.722828661,0.9645778009839422,56,0.5201748521064955,0.9883965900737799,0,0,0,0,
967,-1,9,0.6335440132659018,0.9505505096653303,56,0.3591950784935938,0.9818823899434231,0,0,0,0,
968,-1,9,0.5631879390667671,0.9381986769735088,56,0.4898505223852745,0.98733702,0,0,0,0,
969,-1,9,0.560047143,0.9376158795412753,56,0.4669809308882934,0.9864944076482485,0,0,0,0,
970,-1,9,0.61380473,0.9472133349050005,56,0.5666167639674278,0.9899071335648121,0,0,0,0,
971,-1,9,0.36007987877948733,0.8927112005316757,56,0.4806142226057829,0.9870014637933606,0,0,0,0,
972,-1,9,0.5428525047825035,0.9343728380089361,56,0.41189763740955454,0.9842858403494196,0,0,0,0,
973,-1,9,0.7866259698621433,0.9736854892498128,56,0.6703759393883649,0.9928840707563581,0,0,0,0,
974,-1,9,0.48299331219502906,0.9223215294849771,56,0.6601270706448473,0.992610953,0,0,0,0,
975,-1,9,0.551613864,0.9360365279375478,56,0.6080658156350794,0.9911559097830626,0,0,0,0,
976,-1,9,0.695029204,0.9603837071801364,56,0.766181645,0.9952552918165838,0,0,0,0,
977,-1,9,0.6079213241316499,0.9462002140070751,56,0.6987972340408689,0.9936205311477313,0,0,0,0,
978,-1,9,0.5171548141304918,0.9293516268917801,56,0.6812828112299991,0.9931702549674465,0,0,0,0,
979,-1,9,0.6442821700906434,0.952327301,56,0.8836065707233371,0.9977927365402178,0,0,0,0,
980,-1,9,0.6280778190426617,0.9496357390439082,56,0.37617092174380395,0.9826923908183041,0,0,0,0,
981,-1,9,0.7813223340448219,0.9729538675446523,56,0.6838512764719306,0.9932369938849867,0,0,0,0,
982,-1,9,0.6458045347315171,0.9525770655565946,56,0.5317872925987485,0.988786352,0,0,0,0,
983,-1,9,0.6086703938769785,0.946329687,56,0.6924925929238432,0.993459736,0,0,0,0,
984,-1,9,0.5365061809636189,0.9331527660785043,56,0.403944635,0.9839432096421816,0,0,0,0,
985,-1,9,0.6993270570430192,0.961041759,56,0.7174532778950611,0.9940881255357905,0,0,0,0,
986,-1,9,0.7441316266789594,0.9676958143452017,56,0.5467517195206898,0.9892764743392067,0,0,0,0,
987,-1,9,0.3374060841056723,0.8862832579934633,56,0.6734714839518783,0.9929657564952615,0,0,0,0,
988,-1,9,0.628513872,0.9497089719429502,56,0.5132654200286424,0.9881606048565641,0,0,0,0,
989,-1,9,0.5961459437552129,0.9441460424011434,56,0.5716560464036663,0.9900636629689263,0,0,0,0,
990,-1,9,0.6331548852620409,0.9504856212798369,56,0.8135512360843792,0.9963220237418442,0,0,0,0,
991,-1,9,0.6842214378137957,0.9587127865691191,56,0.6976515329200226,0.9935914170998973,0,0,0,0,
992,-1,9,0.6361390457038681,0.9509823362598466,56,0.6117121793640753,0.9912617346215278,0,0,0,0,
993,-1,9,0.7516723350602565,0.9687805172024407,56,0.8514022975900694,0.9971314342379397,0,0,0,0,
994,-1,9,0.6007747449440615,0.9449577855110093,56,0.6308960647992541,0.9918084822437753,0,0,0,0,
995,-1,9,0.5662237217623868,0.9387592490683325,56,0.7740756828200552,0.9954374823945545,0,0,0,0,
996,-1,9,0.6178993919507061,0.9479133525014805,56,0.5917149300828636,0.9906735794992575,0,0,0,0,
997,-1,9,0.7194032022647119,0.9640688280845721,56,0.7028508860487082,0.9937231657088481,0,0,0,0,
998,-1,9,0.7027752512407393,0.9615671244205758,56,0.5300405034739346,0.9887282601108844,0,0,0,0,
999,-1,9,0.7055740404128562,0.9619918646230935,56,0.47264427534568426,0.9867067843726348,0,0,0,0,
1000,-1,9,0.7766328152464398,0.9723032749213648,56,0.5796212544843701,0.990308334,0,0,0,0,
